0035 COG 20250415 20250415 81 4073 000 0 000 0 00 00000 0000 00 0 0 000 10001 0 0278 0278 0001 0000000 0000001 000000000000000 000000579550000 000000000000000 000000000000000 0 000000000000 FC3 25304001754243965 00350001000005979748 FA A5 FC3 0000 0000 0 0 0000000000000000000 00350001000005979748 FC3 C
0035 COG 20250415 20250415 81 4073 000 0 000 0 00 00000 0000 00 0 0 000 10001 0 0278 0278 0001 0000001 0000000 000000579550000 000000000000000 000000000000000 000000000000000 0 000000000000 FC3 25202279701911206 00350001000005979748 FA A5 FC3 0000 0000 0 0 0000000000000000000 00350001000005979748 FC3 C
0035 COG 20250415 20250415 81 4073 000 0 000 0 00 00000 0000 00 0 0 000 10002 0 0278 0278 0001 0000001 0000000 000000000658100 000000000000000 000000000000000 000000000000000 0 000000000000 FC3 25779196073929570 00350001000005979748 FA A5 FC3 0000 0000 0 0 0000000000000000000 00350001000005979748 FC3 C
0035 COG 20250415 20250415 81 4073 000 0 000 0 00 00000 0000 00 0 0 000 10001 0 0278 0278 0001 0000000 0000001 000000000000000 000000579550000 000000000000000 000000000000000 0 000000000000 FC3 25611848429015092 00350001000005979748 FA A5 FC3 0000 0000 0 0 0000000000000000000 00350001000005979748 FC3 C
0035 COG 20250415 20250415 81 4073 000 0 000 0 00 00000 0000 00 0 0 000 10001 0 0278 0278 0001 0000001 0000000 000000579550000 000000000000000 000000000000000 000000000000000 0 000000000000 FC3 25702518511199353 00350001000005979748 FA A5 FC3 0000 0000 0 0 0000000000000000000 00350001000005979748 FC3 C
0035 COG 20250415 20250415 81 4073 000 0 000 0 00 00000 0000 00 0 0 000 10001 0 0278 0278 0001 0000000 0000001 000000000000000 000000579550000 000000000000000 000000000000000 0 000000000000 FC3 25538014376899590 00350001000005979748 FA A5 FC3 0000 0000 0 0 0000000000000000000 00350001000005979748 FC3 C
0035 COG 20250415 20250415 81 4073 000 0 000 0 00 00000 0000 00 0 0 000 40002 0 0278 0278 0001 0000001 0000000 000000579550000 000000000000000 000000000000000 000000000000000 0 000000000000 FC3 25612708147130376 00350001000005979748 FA A5 FC3 0000 0000 0 0 0000000000000000000 00350001000005979748 FC3 C
0035 COG 20250415 20250415 81 4073 000 0 000 0 00 00000 0000 00 0 0 000 10005 0 0278 0278 0001 0000000 0000001 000000000000000 000000000658100 000000000000000 000000000000000 0 000000000000 FC4 25124907946012064 00350001000005979748 FA A5 FC4 0000 0000 0 0 0000000000000000000 00350001000005979748 FC4 C
0035 COG 20250415 20250415 81 4073 000 0 000 0 00 00000 0000 00 0 0 000 10001 0 0278 0278 0001 0000000 0000001 000000000000000 000000061150000 000000000000000 000000000000000 0 000000000000 FC3 25834610303963946 00350001000005979749 FA A5 FC3 0000 0000 0 0 0000000000000000000 00350001000005979749 FC3 C
0035 COG 20250415 20250415 81 4073 000 0 000 0 00 00000 0000 00 0 0 000 10005 0 0278 0278 0001 0000000 0000001 000000000000000 000000000069400 000000000000000 000000000000000 0 000000000000 FC4 25104017498453427 00350001000005979749 FA A5 FC4 0000 0000 0 0 0000000000000000000 00350001000005979749 FC4 C
0035 COG 20250415 20250415 81 4073 000 0 000 0 00 00000 0000 00 0 0 000 10002 0 0278 0278 0001 0000001 0000000 000000000069400 000000000000000 000000000000000 000000000000000 0 000000000000 FC3 25105059665712134 00350001000005979749 FA A5 FC3 0000 0000 0 0 0000000000000000000 00350001000005979749 FC3 C
0035 COG 20250415 20250415 81 4073 000 0 000 0 00 00000 0000 00 0 0 000 10001 0 0278 0278 0001 0000001 0000000 000000061150000 000000000000000 000000000000000 000000000000000 0 000000000000 FC3 25597243077090801 00350001000005979749 FA A5 FC3 0000 0000 0 0 0000000000000000000 00350001000005979749 FC3 C
0035 COG 20250415 20250415 81 4073 000 0 000 0 00 00000 0000 00 0 0 000 10001 0 0278 0278 0001 0000000 0000001 000000000000000 000000061150000 000000000000000 000000000000000 0 000000000000 FC3 25744894667193678 00350001000005979749 FA A5 FC3 0000 0000 0 0 0000000000000000000 00350001000005979749 FC3 C
0035 COG 20250415 20250415 81 4073 000 0 000 0 00 00000 0000 00 0 0 000 10001 0 0278 0278 0001 0000001 0000000 000000061150000 000000000000000 000000000000000 000000000000000 0 000000000000 FC3 25640386027247283 00350001000005979749 FA A5 FC3 0000 0000 0 0 0000000000000000000 00350001000005979749 FC3 C
0035 COG 20250415 20250415 81 4073 000 0 000 0 00 00000 0000 00 0 0 000 10001 0 0278 0278 0001 0000000 0000001 000000000000000 000000061150000 000000000000000 000000000000000 0 000000000000 FC3 25544821853185725 00350001000005979749 FA A5 FC3 0000 0000 0 0 0000000000000000000 00350001000005979749 FC3 C
0035 COG 20250415 20250415 81 4073 000 0 000 0 00 00000 0000 00 0 0 000 40002 0 0278 0278 0001 0000001 0000000 000000061150000 000000000000000 000000000000000 000000000000000 0 000000000000 FC3 25230886205216147 00350001000005979749 FA A5 FC3 0000 0000 0 0 0000000000000000000 00350001000005979749 FC3 C
0035 COG 20250415 20250415 81 4073 000 0 000 0 00 00000 0000 00 0 0 000 10001 0 0278 0278 0001 0000000 0000001 000000000000000 000000057750000 000000000000000 000000000000000 0 000000000000 FC3 25450497704817611 00350001000005979750 FA A5 FC3 0000 0000 0 0 0000000000000000000 00350001000005979750 FC3 C
0035 COG 20250415 20250415 81 4073 000 0 000 0 00 00000 0000 00 0 0 000 10001 0 0278 0278 0001 0000001 0000000 000000057750000 000000000000000 000000000000000 000000000000000 0 000000000000 FC3 25813325356641630 00350001000005979750 FA A5 FC3 0000 0000 0 0 0000000000000000000 00350001000005979750 FC3 C
0035 COG 20250415 20250415 81 4073 000 0 000 0 00 00000 0000 00 0 0 000 10001 0 0278 0278 0001 0000000 0000001 000000000000000 000000057750000 000000000000000 000000000000000 0 000000000000 FC3 25552335409057846 00350001000005979750 FA A5 FC3 0000 0000 0 0 0000000000000000000 00350001000005979750 FC3 C
0035 COG 20250415 20250415 81 4073 000 0 000 0 00 00000 0000 00 0 0 000 40002 0 0278 0278 0001 0000001 0000000 000000057750000 000000000000000 000000000000000 000000000000000 0 000000000000 FC3 25871066397393041 00350001000005979750 FA A5 FC3 0000 0000 0 0 0000000000000000000 00350001000005979750 FC3 C
0035 COG 20250415 20250415 81 4073 000 0 000 0 00 00000 0000 00 0 0 000 10001 0 0278 0278 0001 0000000 0000001 000000000000000 000000057750000 000000000000000 000000000000000 0 000000000000 FC3 25663503805518140 00350001000005979750 FA A5 FC3 0000 0000 0 0 0000000000000000000 00350001000005979750 FC3 C
0035 COG 20250415 20250415 81 4073 000 0 000 0 00 00000 0000 00 0 0 000 10001 0 0278 0278 0001 0000001 0000000 000000057750000 000000000000000 000000000000000 000000000000000 0 000000000000 FC3 25409039036679679 00350001000005979750 FA A5 FC3 0000 0000 0 0 0000000000000000000 00350001000005979750 FC3 C
0035 COG 20250415 20250415 81 4073 000 0 000 0 00 00000 0000 00 0 0 000 10005 0 0278 0278 0001 0000000 0000001 000000000000000 000000000052700 000000000000000 000000000000000 0 000000000000 FC4 25211364703286744 00350001000005979750 FA A5 FC4 0000 0000 0 0 0000000000000000000 00350001000005979750 FC4 C
0035 COG 20250415 20250415 81 4073 000 0 000 0 00 00000 0000 00 0 0 000 10002 0 0278 0278 0001 0000001 0000000 000000000052700 000000000000000 000000000000000 000000000000000 0 000000000000 FC3 25594441105361408 00350001000005979750 FA A5 FC3 0000 0000 0 0 0000000000000000000 00350001000005979750 FC3 C
0035 COG 20250415 20250415 81 4073 000 0 000 0 00 00000 0000 00 0 0 000 10001 0 0278 0278 0001 0000000 0000001 000000000000000 000000430550000 000000000000000 000000000000000 0 000000000000 FC3 25713686096116385 00350001000005979751 FA A5 FC3 0000 0000 0 0 0000000000000000000 00350001000005979751 FC3 C
0035 COG 20250415 20250415 81 4073 000 0 000 0 00 00000 0000 00 0 0 000 10001 0 0278 0278 0001 0000000 0000001 000000000000000 000000430550000 000000000000000 000000000000000 0 000000000000 FC3 25660551383269714 00350001000005979751 FA A5 FC3 0000 0000 0 0 0000000000000000000 00350001000005979751 FC3 C
0035 COG 20250415 20250415 81 4073 000 0 000 0 00 00000 0000 00 0 0 000 10001 0 0278 0278 0001 0000000 0000001 000000000000000 000000430550000 000000000000000 000000000000000 0 000000000000 FC3 25464775531850254 00350001000005979751 FA A5 FC3 0000 0000 0 0 0000000000000000000 00350001000005979751 FC3 C
0035 COG 20250415 20250415 81 4073 000 0 000 0 00 00000 0000 00 0 0 000 10001 0 0278 0278 0001 0000001 0000000 000000430550000 000000000000000 000000000000000 000000000000000 0 000000000000 FC3 25837599916627881 00350001000005979751 FA A5 FC3 0000 0000 0 0 0000000000000000000 00350001000005979751 FC3 C
0035 COG 20250415 20250415 81 4073 000 0 000 0 00 00000 0000 00 0 0 000 40002 0 0278 0278 0001 0000001 0000000 000000430550000 000000000000000 000000000000000 000000000000000 0 000000000000 FC3 25339916100782904 00350001000005979751 FA A5 FC3 0000 0000 0 0 0000000000000000000 00350001000005979751 FC3 C
0035 COG 20250415 20250415 81 4073 000 0 000 0 00 00000 0000 00 0 0 000 10001 0 0278 0278 0001 0000001 0000000 000000430550000 000000000000000 000000000000000 000000000000000 0 000000000000 FC3 25387109878912638 00350001000005979751 FA A5 FC3 0000 0000 0 0 0000000000000000000 00350001000005979751 FC3 C
0035 COG 20250415 20250415 81 4073 000 0 000 0 00 00000 0000 00 0 0 000 10005 0 0278 0278 0001 0000000 0000001 000000000000000 000000000393200 000000000000000 000000000000000 0 000000000000 FC4 25530546925111877 00350001000005979751 FA A5 FC4 0000 0000 0 0 0000000000000000000 00350001000005979751 FC4 C
0035 COG 20250415 20250415 81 4073 000 0 000 0 00 00000 0000 00 0 0 000 10002 0 0278 0278 0001 0000001 0000000 000000000393200 000000000000000 000000000000000 000000000000000 0 000000000000 FC3 25363437279703824 00350001000005979751 FA A5 FC3 0000 0000 0 0 0000000000000000000 00350001000005979751 FC3 C
0035 COG 20250415 20250415 81 4073 000 0 000 0 00 00000 0000 00 0 0 000 10001 0 0278 0278 0001 0000000 0000001 000000000000000 000000299950000 000000000000000 000000000000000 0 000000000000 FC3 25896208088772373 00350001000006030227 FA A5 FC3 0000 0000 0 0 0000000000000000000 00350001000006030227 FC3 C
0035 COG 20250415 20250415 81 4073 000 0 000 0 00 00000 0000 00 0 0 000 40004 0 0278 0278 0001 0000001 0000000 000000299950000 000000000000000 000000000000000 000000000000000 0 000000000000 FC6 25727133716520519 00350001000006030227 FA A5 FC6 0000 0000 0 0 0000000000000000000 00350001000006030227 FC6 C
0035 COG 20250415 20250415 81 4073 000 0 000 0 00 00000 0000 00 0 0 000 10001 0 0278 0278 0001 0000001 0000000 000000299950000 000000000000000 000000000000000 000000000000000 0 000000000000 FC3 25321666167347722 00350001000006030227 FA A5 FC3 0000 0000 0 0 0000000000000000000 00350001000006030227 FC3 C
0035 COG 20250415 20250415 81 4073 000 0 000 0 00 00000 0000 00 0 0 000 10001 0 0278 0278 0001 0000000 0000001 000000000000000 000000299950000 000000000000000 000000000000000 0 000000000000 FC3 25710400776573440 00350001000006030227 FA A5 FC3 0000 0000 0 0 0000000000000000000 00350001000006030227 FC3 C
0035 COG 20250415 20250415 81 4073 000 0 000 0 00 00000 0000 00 0 0 000 10001 0 0278 0278 0001 0000001 0000000 000000299950000 000000000000000 000000000000000 000000000000000 0 000000000000 FC3 25413162662050050 00350001000006030227 FA A5 FC3 0000 0000 0 0 0000000000000000000 00350001000006030227 FC3 C
0035 COG 20250415 20250415 81 4073 000 0 000 0 00 00000 0000 00 0 0 000 40002 0 0278 0278 0001 0000000 0000001 000000000000000 000000299950000 000000000000000 000000000000000 0 000000000000 FC3 25342884378227190 00350001000006030227 FA A5 FC3 0000 0000 0 0 0000000000000000000 00350001000006030227 FC3 C
0035 COG 20250415 20250415 81 4073 000 0 000 0 00 00000 0000 00 0 0 000 40004 0 0278 0278 0001 0000001 0000000 000000000833000 000000000000000 000000000000000 000000000000000 0 000000000000 FC6 25259499606225064 00350001000777629409 FA A5 FC6 0000 0000 0 0 0000000000000000000 00350001000777629409 FC6 C
0035 COG 20250415 20250415 81 4073 000 0 000 0 00 00000 0000 00 0 0 000 20005 0 0278 0278 0001 0000000 0000001 000000000000000 000000000700000 000000000000000 000000000000000 0 000000000000 FC6 25429956830166160 00350001000777629409 FA A5 FC6 0000 0000 0 0 0000000000000000000 00350001000777629409 FC6 C
0035 COG 20250415 20250415 81 4073 000 0 000 0 00 00000 0000 00 0 0 000 40001 0 0278 0278 0001 0000000 0000001 000000000000000 000000000133000 000000000000000 000000000000000 0 000000000000 FC3 25373628540222614 00350001000777629409 FA A5 FC3 0000 0000 0 0 0000000000000000000 00350001000777629409 FC3 C
0035 COG 20250415 20250415 81 4073 000 0 000 0 00 00000 0000 00 0 0 000 20005 0 0278 0278 0001 0000001 0000000 000000000700000 000000000000000 000000000000000 000000000000000 0 000000000000 FC6 25711916896555687 00350001000777629409 FA A5 FC6 0000 0000 0 0 0000000000000000000 00350001000777629409 FC6 C
0035 COG 20250415 20250415 81 4073 000 0 000 0 00 00000 0000 00 0 0 000 30001 0 0278 0278 0001 0000000 0000001 000000000000000 000000000700000 000000000000000 000000000000000 0 000000000000 FC6 25625661804017347 00350001000777629409 FA A5 FC6 0000 0000 0 0 0000000000000000000 00350001000777629409 FC6 C
0035 COG 20250415 20250415 81 4073 000 0 000 0 00 00000 0000 00 0 0 000 30002 0 0278 0278 0001 0000000 0000001 000000000000000 000000000044000 000000000000000 000000000000000 0 000000000000 FC3 25309824344712572 00350001000006029903 FA A5 FC3 0000 0000 0 0 0000000000000000000 00350001000006029903 FC3 C
0035 COG 20250415 20250415 81 4073 000 0 000 0 00 00000 0000 00 0 0 000 10005 0 0278 0278 0001 0000001 0000000 000000000044000 000000000000000 000000000000000 000000000000000 0 000000000000 FC4 25709868319932014 00350001000006029903 FA A5 FC4 0000 0000 0 0 0000000000000000000 00350001000006029903 FC4 C
0035 COG 20250415 20250415 81 4073 000 0 000 0 00 00000 0000 00 0 0 000 10002 0 0278 0278 0001 0000001 0000000 000000000088100 000000000000000 000000000000000 000000000000000 0 000000000000 FC3 25257189325101797 00350001000006029903 FA A5 FC3 0000 0000 0 0 0000000000000000000 00350001000006029903 FC3 C
0035 COG 20250415 20250415 81 4073 000 0 000 0 00 00000 0000 00 0 0 000 10001 0 0278 0278 0001 0000000 0000001 000000000000000 000000220550000 000000000000000 000000000000000 0 000000000000 FC3 25174685591360014 00350001000006029903 FA A5 FC3 0000 0000 0 0 0000000000000000000 00350001000006029903 FC3 C
0035 COG 20250415 20250415 81 4073 000 0 000 0 00 00000 0000 00 0 0 000 40004 0 0278 0278 0001 0000001 0000000 000000220550000 000000000000000 000000000000000 000000000000000 0 000000000000 FC6 25695104440810820 00350001000006029903 FA A5 FC6 0000 0000 0 0 0000000000000000000 00350001000006029903 FC6 C
0035 COG 20250415 20250415 81 4073 000 0 000 0 00 00000 0000 00 0 0 000 10005 0 0278 0278 0001 0000000 0000001 000000000000000 000000000088100 000000000000000 000000000000000 0 000000000000 FC4 25712818895407443 00350001000006029903 FA A5 FC4 0000 0000 0 0 0000000000000000000 00350001000006029903 FC4 C
0035 COG 20250415 20250415 81 4073 000 0 000 0 00 00000 0000 00 0 0 000 10005 0 0278 0278 0001 0000001 0000000 000000000201700 000000000000000 000000000000000 000000000000000 0 000000000000 FC4 25261965930334744 00350001000005979781 FA A5 FC4 0000 0000 0 0 0000000000000000000 00350001000005979781 FC4 C
0035 COG 20250415 20250415 81 4073 000 0 000 0 00 00000 0000 00 0 0 000 30002 0 0278 0278 0001 0000000 0000001 000000000000000 000000000201700 000000000000000 000000000000000 0 000000000000 FC3 25620787469752563 00350001000005979781 FA A5 FC3 0000 0000 0 0 0000000000000000000 00350001000005979781 FC3 C
0035 COG 20250415 20250415 81 4073 000 0 000 0 00 00000 0000 00 0 0 000 10015 0 0278 0278 0001 0000001 0000000 000000003300000 000000000000000 000000000000000 000000000000000 0 000000000000 FC4 25781097451491005 00350001000005979776 FA A5 FC4 0000 0000 0 0 0000000000000000000 00350001000005979776 FC4 C
0035 COG 20250415 20250415 81 4073 000 0 000 0 00 00000 0000 00 0 0 000 30001 0 0278 0278 0001 0000000 0000001 000000000000000 000000003300000 000000000000000 000000000000000 0 000000000000 FC6 25732260414903338 00350001000005979776 FA A5 FC6 0000 0000 0 0 0000000000000000000 00350001000005979776 FC6 C
0035 COG 20250415 20250415 81 4073 000 0 000 0 00 00000 0000 00 0 0 000 10002 0 0278 0278 0001 0000001 0000000 000000000693300 000000000000000 000000000000000 000000000000000 0 000000000000 FC3 25628826854691289 00350001000005979777 FA A5 FC3 0000 0000 0 0 0000000000000000000 00350001000005979777 FC3 C
0035 COG 20250415 20250415 81 4073 000 0 000 0 00 00000 0000 00 0 0 000 30001 0 0278 0278 0001 0000000 0000001 000000000000000 000000030527500 000000000000000 000000000000000 0 000000000000 FC6 25433979317004662 00350001000005979777 FA A5 FC6 0000 0000 0 0 0000000000000000000 00350001000005979777 FC6 C
0035 COG 20250415 20250415 81 4073 000 0 000 0 00 00000 0000 00 0 0 000 10005 0 0278 0278 0001 0000000 0000001 000000000000000 000000000693300 000000000000000 000000000000000 0 000000000000 FC4 25710288394646708 00350001000005979777 FA A5 FC4 0000 0000 0 0 0000000000000000000 00350001000005979777 FC4 C
0035 COG 20250415 20250415 81 4073 000 0 000 0 00 00000 0000 00 0 0 000 10015 0 0278 0278 0001 0000001 0000000 000000030527500 000000000000000 000000000000000 000000000000000 0 000000000000 FC4 25861877116711119 00350001000005979777 FA A5 FC4 0000 0000 0 0 0000000000000000000 00350001000005979777 FC4 C
0035 COG 20250415 20250415 81 4073 000 0 000 0 00 00000 0000 00 0 0 000 10001 0 0278 0278 0001 0000000 0000001 000000000000000 000000610550000 000000000000000 000000000000000 0 000000000000 FC3 25620596728234811 00350001000005979777 FA A5 FC3 0000 0000 0 0 0000000000000000000 00350001000005979777 FC3 C
0035 COG 20250415 20250415 81 4073 000 0 000 0 00 00000 0000 00 0 0 000 10001 0 0278 0278 0001 0000001 0000000 000000610550000 000000000000000 000000000000000 000000000000000 0 000000000000 FC3 25537062873231473 00350001000005979777 FA A5 FC3 0000 0000 0 0 0000000000000000000 00350001000005979777 FC3 C
