0035 COG 20250408 20250408 81 4073 000 0 000 0 00 00000 0000 00 0 0 000 10005 0 0278 0278 0001 0000001 0000000 000000000056700 000000000000000 000000000000000 000000000000000 0 000000000000 FC4 25101077172178286 00350001000005978949 FA A5 FC4 0000 0000 0 0 0000000000000000000 00350001000005978949 FC4 C
0035 COG 20250408 20250408 81 4073 000 0 000 0 00 00000 0000 00 0 0 000 20005 0 0278 0278 0001 0000000 0000001 000000000000000 000000000359800 000000000000000 000000000000000 0 000000000000 FC6 25143925304648913 00350001000005978949 FA A5 FC6 0000 0000 0 0 0000000000000000000 00350001000005978949 FC6 C
0035 COG 20250408 20250408 81 4073 000 0 000 0 00 00000 0000 00 0 0 000 10002 0 0278 0278 0001 0000000 0000001 000000000000000 000000000113300 000000000000000 000000000000000 0 000000000000 FC3 25155490651387505 00350001000005978949 FA A5 FC3 0000 0000 0 0 0000000000000000000 00350001000005978949 FC3 C
0035 COG 20250408 20250408 81 4073 000 0 000 0 00 00000 0000 00 0 0 000 20005 0 0278 0278 0001 0000000 0000001 000000000000000 000000000146500 000000000000000 000000000000000 0 000000000000 FC6 25169739850734919 00350001000005978952 FA A5 FC6 0000 0000 0 0 0000000000000000000 00350001000005978952 FC6 C
0035 COG 20250408 20250408 81 4073 000 0 000 0 00 00000 0000 00 0 0 000 40001 0 0278 0278 0001 0000000 0000001 000000000000000 000000000004500 000000000000000 000000000000000 0 000000000000 FC3 25126224173791738 00350001000005978951 FA A5 FC3 0000 0000 0 0 0000000000000000000 00350001000005978951 FC3 C
0035 COG 20250408 20250408 81 4073 000 0 000 0 00 00000 0000 00 0 0 000 40001 0 0278 0278 0001 0000000 0000001 000000000000000 000000000027800 000000000000000 000000000000000 0 000000000000 FC3 25161321947112697 00350001000005978952 FA A5 FC3 0000 0000 0 0 0000000000000000000 00350001000005978952 FC3 C
0035 COG 20250408 20250408 81 4073 000 0 000 0 00 00000 0000 00 0 0 000 30001 0 0278 0278 0001 0000000 0000001 000000000000000 000000000146500 000000000000000 000000000000000 0 000000000000 FC6 25163783287442064 00350001000005978952 FA A5 FC6 0000 0000 0 0 0000000000000000000 00350001000005978952 FC6 C
0035 COG 20250408 20250408 81 4073 000 0 000 0 00 00000 0000 00 0 0 000 20005 0 0278 0278 0001 0000000 0000001 000000000000000 000000000023500 000000000000000 000000000000000 0 000000000000 FC6 25174053406903046 00350001000005978951 FA A5 FC6 0000 0000 0 0 0000000000000000000 00350001000005978951 FC6 C
0035 COG 20250408 20250408 81 4073 000 0 000 0 00 00000 0000 00 0 0 000 10001 0 0278 0278 0001 0000001 0000000 000000061150000 000000000000000 000000000000000 000000000000000 0 000000000000 FC3 25184386858060898 00350001000005978950 FA A5 FC3 0000 0000 0 0 0000000000000000000 00350001000005978950 FC3 C
0035 COG 20250408 20250408 81 4073 000 0 000 0 00 00000 0000 00 0 0 000 40002 0 0278 0278 0001 0000000 0000001 000000000000000 000000057695600 000000000000000 000000000000000 0 000000000000 FC3 25194349204636439 00350001000005978951 FA A5 FC3 0000 0000 0 0 0000000000000000000 00350001000005978951 FC3 C
0035 COG 20250408 20250408 81 4073 000 0 000 0 00 00000 0000 00 0 0 000 20005 0 0278 0278 0001 0000001 0000000 000000000146500 000000000000000 000000000000000 000000000000000 0 000000000000 FC6 25198685464790523 00350001000005978952 FA A5 FC6 0000 0000 0 0 0000000000000000000 00350001000005978952 FC6 C
0035 COG 20250408 20250408 81 4073 000 0 000 0 00 00000 0000 00 0 0 000 10005 0 0278 0278 0001 0000001 0000000 000000000013200 000000000000000 000000000000000 000000000000000 0 000000000000 FC4 25242871488344308 00350001000005978951 FA A5 FC4 0000 0000 0 0 0000000000000000000 00350001000005978951 FC4 C
0035 COG 20250408 20250408 81 4073 000 0 000 0 00 00000 0000 00 0 0 000 30002 0 0278 0278 0001 0000000 0000001 000000000000000 000000000017400 000000000000000 000000000000000 0 000000000000 FC3 25269769486240718 00350001000005978950 FA A5 FC3 0000 0000 0 0 0000000000000000000 00350001000005978950 FC3 C
0035 COG 20250408 20250408 81 4073 000 0 000 0 00 00000 0000 00 0 0 000 10002 0 0278 0278 0001 0000000 0000001 000000000000000 000000000026400 000000000000000 000000000000000 0 000000000000 FC3 25291732104224225 00350001000005978951 FA A5 FC3 0000 0000 0 0 0000000000000000000 00350001000005978951 FC3 C
0035 COG 20250408 20250408 81 4073 000 0 000 0 00 00000 0000 00 0 0 000 20005 0 0278 0278 0001 0000000 0000001 000000000000000 000000000023500 000000000000000 000000000000000 0 000000000000 FC6 25318185763769485 00350001000005978951 FA A5 FC6 0000 0000 0 0 0000000000000000000 00350001000005978951 FC6 C
0035 COG 20250408 20250408 81 4073 000 0 000 0 00 00000 0000 00 0 0 000 20005 0 0278 0278 0001 0000000 0000001 000000000000000 000000000110200 000000000000000 000000000000000 0 000000000000 FC6 25325866124559933 00350001000005978950 FA A5 FC6 0000 0000 0 0 0000000000000000000 00350001000005978950 FC6 C
0035 COG 20250408 20250408 81 4073 000 0 000 0 00 00000 0000 00 0 0 000 20005 0 0278 0278 0001 0000001 0000000 000000000023500 000000000000000 000000000000000 000000000000000 0 000000000000 FC6 25382645434207753 00350001000005978951 FA A5 FC6 0000 0000 0 0 0000000000000000000 00350001000005978951 FC6 C
0035 COG 20250408 20250408 81 4073 000 0 000 0 00 00000 0000 00 0 0 000 20005 0 0278 0278 0001 0000001 0000000 000000000146500 000000000000000 000000000000000 000000000000000 0 000000000000 FC6 25392817235779979 00350001000005978952 FA A5 FC6 0000 0000 0 0 0000000000000000000 00350001000005978952 FC6 C
0035 COG 20250408 20250408 81 4073 000 0 000 0 00 00000 0000 00 0 0 000 10005 0 0278 0278 0001 0000001 0000000 000000000082400 000000000000000 000000000000000 000000000000000 0 000000000000 FC4 25455834926884098 00350001000005978952 FA A5 FC4 0000 0000 0 0 0000000000000000000 00350001000005978952 FC4 C
0035 COG 20250408 20250408 81 4073 000 0 000 0 00 00000 0000 00 0 0 000 20005 0 0278 0278 0001 0000000 0000001 000000000000000 000000000110200 000000000000000 000000000000000 0 000000000000 FC6 25494749139998987 00350001000005978950 FA A5 FC6 0000 0000 0 0 0000000000000000000 00350001000005978950 FC6 C
0035 COG 20250408 20250408 81 4073 000 0 000 0 00 00000 0000 00 0 0 000 40001 0 0278 0278 0001 0000000 0000001 000000000000000 000000000020900 000000000000000 000000000000000 0 000000000000 FC3 25518194256301459 00350001000005978950 FA A5 FC3 0000 0000 0 0 0000000000000000000 00350001000005978950 FC3 C
0035 COG 20250408 20250408 81 4073 000 0 000 0 00 00000 0000 00 0 0 000 20005 0 0278 0278 0001 0000001 0000000 000000000359800 000000000000000 000000000000000 000000000000000 0 000000000000 FC6 25524131002375056 00350001000005978949 FA A5 FC6 0000 0000 0 0 0000000000000000000 00350001000005978949 FC6 C
0035 COG 20250408 20250408 81 4073 000 0 000 0 00 00000 0000 00 0 0 000 20005 0 0278 0278 0001 0000001 0000000 000000000110200 000000000000000 000000000000000 000000000000000 0 000000000000 FC6 25542697549703828 00350001000005978950 FA A5 FC6 0000 0000 0 0 0000000000000000000 00350001000005978950 FC6 C
0035 COG 20250408 20250408 81 4073 000 0 000 0 00 00000 0000 00 0 0 000 30002 0 0278 0278 0001 0000000 0000001 000000000000000 000000000013200 000000000000000 000000000000000 0 000000000000 FC3 25547596287386555 00350001000005978951 FA A5 FC3 0000 0000 0 0 0000000000000000000 00350001000005978951 FC3 C
0035 COG 20250408 20250408 81 4073 000 0 000 0 00 00000 0000 00 0 0 000 30001 0 0278 0278 0001 0000000 0000001 000000000000000 000000000110200 000000000000000 000000000000000 0 000000000000 FC6 25568016116358137 00350001000005978950 FA A5 FC6 0000 0000 0 0 0000000000000000000 00350001000005978950 FC6 C
0035 COG 20250408 20250408 81 4073 000 0 000 0 00 00000 0000 00 0 0 000 10001 0 0278 0278 0001 0000001 0000000 000000057750000 000000000000000 000000000000000 000000000000000 0 000000000000 FC3 25574651017847480 00350001000005978951 FA A5 FC3 0000 0000 0 0 0000000000000000000 00350001000005978951 FC3 C
0035 COG 20250408 20250408 81 4073 000 0 000 0 00 00000 0000 00 0 0 000 20005 0 0278 0278 0001 0000001 0000000 000000000359800 000000000000000 000000000000000 000000000000000 0 000000000000 FC6 25576823595328141 00350001000005978949 FA A5 FC6 0000 0000 0 0 0000000000000000000 00350001000005978949 FC6 C
0035 COG 20250408 20250408 81 4073 000 0 000 0 00 00000 0000 00 0 0 000 40002 0 0278 0278 0001 0000000 0000001 000000000000000 000000199008500 000000000000000 000000000000000 0 000000000000 FC3 25587711365745650 00350001000005978949 FA A5 FC3 0000 0000 0 0 0000000000000000000 00350001000005978949 FC3 C
0035 COG 20250408 20250408 81 4073 000 0 000 0 00 00000 0000 00 0 0 000 30002 0 0278 0278 0001 0000000 0000001 000000000000000 000000000082400 000000000000000 000000000000000 0 000000000000 FC3 25593762078816084 00350001000005978952 FA A5 FC3 0000 0000 0 0 0000000000000000000 00350001000005978952 FC3 C
0035 COG 20250408 20250408 81 4073 000 0 000 0 00 00000 0000 00 0 0 000 20005 0 0278 0278 0001 0000000 0000001 000000000000000 000000000146500 000000000000000 000000000000000 0 000000000000 FC6 25594711433524407 00350001000005978952 FA A5 FC6 0000 0000 0 0 0000000000000000000 00350001000005978952 FC6 C
0035 COG 20250408 20250408 81 4073 000 0 000 0 00 00000 0000 00 0 0 000 40002 0 0278 0278 0001 0000000 0000001 000000000000000 000000360211000 000000000000000 000000000000000 0 000000000000 FC3 25634587683675965 00350001000005978952 FA A5 FC3 0000 0000 0 0 0000000000000000000 00350001000005978952 FC3 C
0035 COG 20250408 20250408 81 4073 000 0 000 0 00 00000 0000 00 0 0 000 30001 0 0278 0278 0001 0000000 0000001 000000000000000 000000000359800 000000000000000 000000000000000 0 000000000000 FC6 25695063969987066 00350001000005978949 FA A5 FC6 0000 0000 0 0 0000000000000000000 00350001000005978949 FC6 C
0035 COG 20250408 20250408 81 4073 000 0 000 0 00 00000 0000 00 0 0 000 20005 0 0278 0278 0001 0000001 0000000 000000000110200 000000000000000 000000000000000 000000000000000 0 000000000000 FC6 25722454822119405 00350001000005978950 FA A5 FC6 0000 0000 0 0 0000000000000000000 00350001000005978950 FC6 C
0035 COG 20250408 20250408 81 4073 000 0 000 0 00 00000 0000 00 0 0 000 10001 0 0278 0278 0001 0000001 0000000 000000199550000 000000000000000 000000000000000 000000000000000 0 000000000000 FC3 25725562659861386 00350001000005978949 FA A5 FC3 0000 0000 0 0 0000000000000000000 00350001000005978949 FC3 C
0035 COG 20250408 20250408 81 4073 000 0 000 0 00 00000 0000 00 0 0 000 30001 0 0278 0278 0001 0000000 0000001 000000000000000 000000000023500 000000000000000 000000000000000 0 000000000000 FC6 25733939403658623 00350001000005978951 FA A5 FC6 0000 0000 0 0 0000000000000000000 00350001000005978951 FC6 C
0035 COG 20250408 20250408 81 4073 000 0 000 0 00 00000 0000 00 0 0 000 40002 0 0278 0278 0001 0000000 0000001 000000000000000 000000060984200 000000000000000 000000000000000 0 000000000000 FC3 25750658363136604 00350001000005978950 FA A5 FC3 0000 0000 0 0 0000000000000000000 00350001000005978950 FC3 C
0035 COG 20250408 20250408 81 4073 000 0 000 0 00 00000 0000 00 0 0 000 40001 0 0278 0278 0001 0000000 0000001 000000000000000 000000000068400 000000000000000 000000000000000 0 000000000000 FC3 25756740573079848 00350001000005978949 FA A5 FC3 0000 0000 0 0 0000000000000000000 00350001000005978949 FC3 C
0035 COG 20250408 20250408 81 4073 000 0 000 0 00 00000 0000 00 0 0 000 10001 0 0278 0278 0001 0000001 0000000 000000360550000 000000000000000 000000000000000 000000000000000 0 000000000000 FC3 25776254720712686 00350001000005978952 FA A5 FC3 0000 0000 0 0 0000000000000000000 00350001000005978952 FC3 C
0035 COG 20250408 20250408 81 4073 000 0 000 0 00 00000 0000 00 0 0 000 20005 0 0278 0278 0001 0000001 0000000 000000000023500 000000000000000 000000000000000 000000000000000 0 000000000000 FC6 25780745920341073 00350001000005978951 FA A5 FC6 0000 0000 0 0 0000000000000000000 00350001000005978951 FC6 C
0035 COG 20250408 20250408 81 4073 000 0 000 0 00 00000 0000 00 0 0 000 10002 0 0278 0278 0001 0000000 0000001 000000000000000 000000000164700 000000000000000 000000000000000 0 000000000000 FC3 25815790888188767 00350001000005978952 FA A5 FC3 0000 0000 0 0 0000000000000000000 00350001000005978952 FC3 C
0035 COG 20250408 20250408 81 4073 000 0 000 0 00 00000 0000 00 0 0 000 10005 0 0278 0278 0001 0000001 0000000 000000000017400 000000000000000 000000000000000 000000000000000 0 000000000000 FC4 25856291567507215 00350001000005978950 FA A5 FC4 0000 0000 0 0 0000000000000000000 00350001000005978950 FC4 C
0035 COG 20250408 20250408 81 4073 000 0 000 0 00 00000 0000 00 0 0 000 30002 0 0278 0278 0001 0000000 0000001 000000000000000 000000000056700 000000000000000 000000000000000 0 000000000000 FC3 25883924947729217 00350001000005978949 FA A5 FC3 0000 0000 0 0 0000000000000000000 00350001000005978949 FC3 C
0035 COG 20250408 20250408 81 4073 000 0 000 0 00 00000 0000 00 0 0 000 20005 0 0278 0278 0001 0000000 0000001 000000000000000 000000000359800 000000000000000 000000000000000 0 000000000000 FC6 25916137916925704 00350001000005978949 FA A5 FC6 0000 0000 0 0 0000000000000000000 00350001000005978949 FC6 C
0035 COG 20250408 20250408 81 4073 000 0 000 0 00 00000 0000 00 0 0 000 10002 0 0278 0278 0001 0000000 0000001 000000000000000 000000000034700 000000000000000 000000000000000 0 000000000000 FC3 25917125727782729 00350001000005978950 FA A5 FC3 0000 0000 0 0 0000000000000000000 00350001000005978950 FC3 C
0035 COG 20250408 20250408 81 4073 000 0 000 0 00 00000 0000 00 0 0 000 10001 0 0278 0278 0001 0000000 0000001 000000000000000 000000022750000 000000000000000 000000000000000 0 000000000000 FC3 25103539594752182 00350001000005978954 FA A5 FC3 0000 0000 0 0 0000000000000000000 00350001000005978954 FC3 C
0035 COG 20250408 20250408 81 4073 000 0 000 0 00 00000 0000 00 0 0 000 40004 0 0278 0278 0001 0000001 0000000 000000022750000 000000000000000 000000000000000 000000000000000 0 000000000000 FC6 25127564393627429 00350001000005978954 FA A5 FC6 0000 0000 0 0 0000000000000000000 00350001000005978954 FC6 C
0035 COG 20250408 20250408 81 4073 000 0 000 0 00 00000 0000 00 0 0 000 10001 0 0278 0278 0001 0000000 0000001 000000000000000 000000330500000 000000000000000 000000000000000 0 000000000000 FC3 25254814933708388 00350001000005978953 FA A5 FC3 0000 0000 0 0 0000000000000000000 00350001000005978953 FC3 C
0035 COG 20250408 20250408 81 4073 000 0 000 0 00 00000 0000 00 0 0 000 40004 0 0278 0278 0001 0000001 0000000 000000330500000 000000000000000 000000000000000 000000000000000 0 000000000000 FC6 25290740542730231 00350001000005978953 FA A5 FC6 0000 0000 0 0 0000000000000000000 00350001000005978953 FC6 C
0035 COG 20250408 20250408 81 4073 000 0 000 0 00 00000 0000 00 0 0 000 40004 0 0278 0278 0001 0000001 0000000 000000035050000 000000000000000 000000000000000 000000000000000 0 000000000000 FC6 25437295095562061 00350001000005978955 FA A5 FC6 0000 0000 0 0 0000000000000000000 00350001000005978955 FC6 C
0035 COG 20250408 20250408 81 4073 000 0 000 0 00 00000 0000 00 0 0 000 40004 0 0278 0278 0001 0000001 0000000 000000220500000 000000000000000 000000000000000 000000000000000 0 000000000000 FC6 25542898047937607 00350001000005978956 FA A5 FC6 0000 0000 0 0 0000000000000000000 00350001000005978956 FC6 C
0035 COG 20250408 20250408 81 4073 000 0 000 0 00 00000 0000 00 0 0 000 10001 0 0278 0278 0001 0000000 0000001 000000000000000 000000035050000 000000000000000 000000000000000 0 000000000000 FC3 25703767281439852 00350001000005978955 FA A5 FC3 0000 0000 0 0 0000000000000000000 00350001000005978955 FC3 C
0035 COG 20250408 20250408 81 4073 000 0 000 0 00 00000 0000 00 0 0 000 10001 0 0278 0278 0001 0000000 0000001 000000000000000 000000220500000 000000000000000 000000000000000 0 000000000000 FC3 25859082271692001 00350001000005978956 FA A5 FC3 0000 0000 0 0 0000000000000000000 00350001000005978956 FC3 C
