0035 COG 20250410 20250410 81 4073 000 0 000 0 00 00000 0000 00 0 0 000 40002 0 0278 0278 0001 0000001 0000000 000000199550000 000000000000000 000000000000000 000000000000000 0 000000000000 FC3 25369776771590417 00350001000005978949 FA A5 FC3 0000 0000 0 0 0000000000000000000 00350001000005978949 FC3 C
0035 COG 20250410 20250410 81 4073 000 0 000 0 00 00000 0000 00 0 0 000 10001 0 0278 0278 0001 0000000 0000001 000000000000000 000000199550000 000000000000000 000000000000000 0 000000000000 FC3 25461956109830647 00350001000005978949 FA A5 FC3 0000 0000 0 0 0000000000000000000 00350001000005978949 FC3 C
0035 COG 20250410 20250410 81 4073 000 0 000 0 00 00000 0000 00 0 0 000 10002 0 0278 0278 0001 0000001 0000000 000000000113300 000000000000000 000000000000000 000000000000000 0 000000000000 FC3 25187204961587630 00350001000005978949 FA A5 FC3 0000 0000 0 0 0000000000000000000 00350001000005978949 FC3 C
0035 COG 20250410 20250410 81 4073 000 0 000 0 00 00000 0000 00 0 0 000 10005 0 0278 0278 0001 0000000 0000001 000000000000000 000000000113300 000000000000000 000000000000000 0 000000000000 FC4 25364434265916357 00350001000005978949 FA A5 FC4 0000 0000 0 0 0000000000000000000 00350001000005978949 FC4 C
0035 COG 20250410 20250410 81 4073 000 0 000 0 00 00000 0000 00 0 0 000 10001 0 0278 0278 0001 0000001 0000000 000000199550000 000000000000000 000000000000000 000000000000000 0 000000000000 FC3 25100534363973263 00350001000005978949 FA A5 FC3 0000 0000 0 0 0000000000000000000 00350001000005978949 FC3 C
0035 COG 20250410 20250410 81 4073 000 0 000 0 00 00000 0000 00 0 0 000 10001 0 0278 0278 0001 0000000 0000001 000000000000000 000000199550000 000000000000000 000000000000000 0 000000000000 FC3 25293045739618528 00350001000005978949 FA A5 FC3 0000 0000 0 0 0000000000000000000 00350001000005978949 FC3 C
0035 COG 20250410 20250410 81 4073 000 0 000 0 00 00000 0000 00 0 0 000 10001 0 0278 0278 0001 0000001 0000000 000000199550000 000000000000000 000000000000000 000000000000000 0 000000000000 FC3 25729681858840944 00350001000005978949 FA A5 FC3 0000 0000 0 0 0000000000000000000 00350001000005978949 FC3 C
0035 COG 20250410 20250410 81 4073 000 0 000 0 00 00000 0000 00 0 0 000 10001 0 0278 0278 0001 0000000 0000001 000000000000000 000000199550000 000000000000000 000000000000000 0 000000000000 FC3 25363081771401889 00350001000005978949 FA A5 FC3 0000 0000 0 0 0000000000000000000 00350001000005978949 FC3 C
0035 COG 20250410 20250410 81 4073 000 0 000 0 00 00000 0000 00 0 0 000 10001 0 0278 0278 0001 0000000 0000001 000000000000000 000000061150000 000000000000000 000000000000000 0 000000000000 FC3 25900323937101645 00350001000005978950 FA A5 FC3 0000 0000 0 0 0000000000000000000 00350001000005978950 FC3 C
0035 COG 20250410 20250410 81 4073 000 0 000 0 00 00000 0000 00 0 0 000 10001 0 0278 0278 0001 0000001 0000000 000000061150000 000000000000000 000000000000000 000000000000000 0 000000000000 FC3 25519100037164516 00350001000005978950 FA A5 FC3 0000 0000 0 0 0000000000000000000 00350001000005978950 FC3 C
0035 COG 20250410 20250410 81 4073 000 0 000 0 00 00000 0000 00 0 0 000 10002 0 0278 0278 0001 0000001 0000000 000000000034700 000000000000000 000000000000000 000000000000000 0 000000000000 FC3 25102806041307868 00350001000005978950 FA A5 FC3 0000 0000 0 0 0000000000000000000 00350001000005978950 FC3 C
0035 COG 20250410 20250410 81 4073 000 0 000 0 00 00000 0000 00 0 0 000 10005 0 0278 0278 0001 0000000 0000001 000000000000000 000000000034700 000000000000000 000000000000000 0 000000000000 FC4 25806144013562955 00350001000005978950 FA A5 FC4 0000 0000 0 0 0000000000000000000 00350001000005978950 FC4 C
0035 COG 20250410 20250410 81 4073 000 0 000 0 00 00000 0000 00 0 0 000 10001 0 0278 0278 0001 0000000 0000001 000000000000000 000000061150000 000000000000000 000000000000000 0 000000000000 FC3 25356823024755705 00350001000005978950 FA A5 FC3 0000 0000 0 0 0000000000000000000 00350001000005978950 FC3 C
0035 COG 20250410 20250410 81 4073 000 0 000 0 00 00000 0000 00 0 0 000 10001 0 0278 0278 0001 0000001 0000000 000000061150000 000000000000000 000000000000000 000000000000000 0 000000000000 FC3 25728711131801572 00350001000005978950 FA A5 FC3 0000 0000 0 0 0000000000000000000 00350001000005978950 FC3 C
0035 COG 20250410 20250410 81 4073 000 0 000 0 00 00000 0000 00 0 0 000 10001 0 0278 0278 0001 0000000 0000001 000000000000000 000000061150000 000000000000000 000000000000000 0 000000000000 FC3 25757890325218638 00350001000005978950 FA A5 FC3 0000 0000 0 0 0000000000000000000 00350001000005978950 FC3 C
0035 COG 20250410 20250410 81 4073 000 0 000 0 00 00000 0000 00 0 0 000 40002 0 0278 0278 0001 0000001 0000000 000000061150000 000000000000000 000000000000000 000000000000000 0 000000000000 FC3 25587295879062065 00350001000005978950 FA A5 FC3 0000 0000 0 0 0000000000000000000 00350001000005978950 FC3 C
0035 COG 20250410 20250410 81 4073 000 0 000 0 00 00000 0000 00 0 0 000 40002 0 0278 0278 0001 0000001 0000000 000000057750000 000000000000000 000000000000000 000000000000000 0 000000000000 FC3 25437714308666212 00350001000005978951 FA A5 FC3 0000 0000 0 0 0000000000000000000 00350001000005978951 FC3 C
0035 COG 20250410 20250410 81 4073 000 0 000 0 00 00000 0000 00 0 0 000 10001 0 0278 0278 0001 0000000 0000001 000000000000000 000000057750000 000000000000000 000000000000000 0 000000000000 FC3 25541551605088716 00350001000005978951 FA A5 FC3 0000 0000 0 0 0000000000000000000 00350001000005978951 FC3 C
0035 COG 20250410 20250410 81 4073 000 0 000 0 00 00000 0000 00 0 0 000 10001 0 0278 0278 0001 0000001 0000000 000000057750000 000000000000000 000000000000000 000000000000000 0 000000000000 FC3 25369740865288993 00350001000005978951 FA A5 FC3 0000 0000 0 0 0000000000000000000 00350001000005978951 FC3 C
0035 COG 20250410 20250410 81 4073 000 0 000 0 00 00000 0000 00 0 0 000 10001 0 0278 0278 0001 0000000 0000001 000000000000000 000000057750000 000000000000000 000000000000000 0 000000000000 FC3 25309590033678580 00350001000005978951 FA A5 FC3 0000 0000 0 0 0000000000000000000 00350001000005978951 FC3 C
0035 COG 20250410 20250410 81 4073 000 0 000 0 00 00000 0000 00 0 0 000 10001 0 0278 0278 0001 0000000 0000001 000000000000000 000000057750000 000000000000000 000000000000000 0 000000000000 FC3 25268046248557269 00350001000005978951 FA A5 FC3 0000 0000 0 0 0000000000000000000 00350001000005978951 FC3 C
0035 COG 20250410 20250410 81 4073 000 0 000 0 00 00000 0000 00 0 0 000 10001 0 0278 0278 0001 0000001 0000000 000000057750000 000000000000000 000000000000000 000000000000000 0 000000000000 FC3 25767171994552970 00350001000005978951 FA A5 FC3 0000 0000 0 0 0000000000000000000 00350001000005978951 FC3 C
0035 COG 20250410 20250410 81 4073 000 0 000 0 00 00000 0000 00 0 0 000 10005 0 0278 0278 0001 0000000 0000001 000000000000000 000000000026400 000000000000000 000000000000000 0 000000000000 FC4 25370601646373448 00350001000005978951 FA A5 FC4 0000 0000 0 0 0000000000000000000 00350001000005978951 FC4 C
0035 COG 20250410 20250410 81 4073 000 0 000 0 00 00000 0000 00 0 0 000 10002 0 0278 0278 0001 0000001 0000000 000000000026400 000000000000000 000000000000000 000000000000000 0 000000000000 FC3 25261778052625408 00350001000005978951 FA A5 FC3 0000 0000 0 0 0000000000000000000 00350001000005978951 FC3 C
0035 COG 20250410 20250410 81 4073 000 0 000 0 00 00000 0000 00 0 0 000 10001 0 0278 0278 0001 0000000 0000001 000000000000000 000000360550000 000000000000000 000000000000000 0 000000000000 FC3 25587465148567858 00350001000005978952 FA A5 FC3 0000 0000 0 0 0000000000000000000 00350001000005978952 FC3 C
0035 COG 20250410 20250410 81 4073 000 0 000 0 00 00000 0000 00 0 0 000 40002 0 0278 0278 0001 0000001 0000000 000000360550000 000000000000000 000000000000000 000000000000000 0 000000000000 FC3 25615170856816730 00350001000005978952 FA A5 FC3 0000 0000 0 0 0000000000000000000 00350001000005978952 FC3 C
0035 COG 20250410 20250410 81 4073 000 0 000 0 00 00000 0000 00 0 0 000 10001 0 0278 0278 0001 0000000 0000001 000000000000000 000000360550000 000000000000000 000000000000000 0 000000000000 FC3 25739766728597253 00350001000005978952 FA A5 FC3 0000 0000 0 0 0000000000000000000 00350001000005978952 FC3 C
0035 COG 20250410 20250410 81 4073 000 0 000 0 00 00000 0000 00 0 0 000 10001 0 0278 0278 0001 0000001 0000000 000000360550000 000000000000000 000000000000000 000000000000000 0 000000000000 FC3 25609041167493780 00350001000005978952 FA A5 FC3 0000 0000 0 0 0000000000000000000 00350001000005978952 FC3 C
0035 COG 20250410 20250410 81 4073 000 0 000 0 00 00000 0000 00 0 0 000 10001 0 0278 0278 0001 0000000 0000001 000000000000000 000000360550000 000000000000000 000000000000000 0 000000000000 FC3 25737402273350164 00350001000005978952 FA A5 FC3 0000 0000 0 0 0000000000000000000 00350001000005978952 FC3 C
0035 COG 20250410 20250410 81 4073 000 0 000 0 00 00000 0000 00 0 0 000 10001 0 0278 0278 0001 0000001 0000000 000000360550000 000000000000000 000000000000000 000000000000000 0 000000000000 FC3 25492591668017009 00350001000005978952 FA A5 FC3 0000 0000 0 0 0000000000000000000 00350001000005978952 FC3 C
0035 COG 20250410 20250410 81 4073 000 0 000 0 00 00000 0000 00 0 0 000 10005 0 0278 0278 0001 0000000 0000001 000000000000000 000000000164700 000000000000000 000000000000000 0 000000000000 FC4 25578149926364225 00350001000005978952 FA A5 FC4 0000 0000 0 0 0000000000000000000 00350001000005978952 FC4 C
0035 COG 20250410 20250410 81 4073 000 0 000 0 00 00000 0000 00 0 0 000 10002 0 0278 0278 0001 0000001 0000000 000000000164700 000000000000000 000000000000000 000000000000000 0 000000000000 FC3 25449602739093535 00350001000005978952 FA A5 FC3 0000 0000 0 0 0000000000000000000 00350001000005978952 FC3 C
0035 COG 20250409 20250410 81 4073 000 0 000 0 00 00000 0000 00 0 0 000 10001 0 0278 0278 0001 0000001 0000000 000000330500000 000000000000000 000000000000000 000000000000000 0 000000000000 FC3 25131125484980510 00350001000005978953 FA A5 FC3 0000 0000 0 0 0000000000000000000 00350001000005978953 FC3 C
0035 COG 20250409 20250410 81 4073 000 0 000 0 00 00000 0000 00 0 0 000 10001 0 0278 0278 0001 0000001 0000000 000000330500000 000000000000000 000000000000000 000000000000000 0 000000000000 FC3 25387651734780973 00350001000005978953 FA A5 FC3 0000 0000 0 0 0000000000000000000 00350001000005978953 FC3 C
0035 COG 20250409 20250410 81 4073 000 0 000 0 00 00000 0000 00 0 0 000 10001 0 0278 0278 0001 0000000 0000001 000000000000000 000000330500000 000000000000000 000000000000000 0 000000000000 FC3 25594045120177633 00350001000005978953 FA A5 FC3 0000 0000 0 0 0000000000000000000 00350001000005978953 FC3 C
0035 COG 20250409 20250410 81 4073 000 0 000 0 00 00000 0000 00 0 0 000 40002 0 0278 0278 0001 0000000 0000001 000000000000000 000000330500000 000000000000000 000000000000000 0 000000000000 FC3 25479103907775658 00350001000005978953 FA A5 FC3 0000 0000 0 0 0000000000000000000 00350001000005978953 FC3 C
0035 COG 20250409 20250410 81 4073 000 0 000 0 00 00000 0000 00 0 0 000 10001 0 0278 0278 0001 0000001 0000000 000000022750000 000000000000000 000000000000000 000000000000000 0 000000000000 FC3 25885593146076035 00350001000005978954 FA A5 FC3 0000 0000 0 0 0000000000000000000 00350001000005978954 FC3 C
0035 COG 20250409 20250410 81 4073 000 0 000 0 00 00000 0000 00 0 0 000 10001 0 0278 0278 0001 0000000 0000001 000000000000000 000000022750000 000000000000000 000000000000000 0 000000000000 FC3 25631481696856091 00350001000005978954 FA A5 FC3 0000 0000 0 0 0000000000000000000 00350001000005978954 FC3 C
0035 COG 20250409 20250410 81 4073 000 0 000 0 00 00000 0000 00 0 0 000 10001 0 0278 0278 0001 0000001 0000000 000000022750000 000000000000000 000000000000000 000000000000000 0 000000000000 FC3 25338248268028790 00350001000005978954 FA A5 FC3 0000 0000 0 0 0000000000000000000 00350001000005978954 FC3 C
0035 COG 20250409 20250410 81 4073 000 0 000 0 00 00000 0000 00 0 0 000 40002 0 0278 0278 0001 0000000 0000001 000000000000000 000000022750000 000000000000000 000000000000000 0 000000000000 FC3 25255727563669615 00350001000005978954 FA A5 FC3 0000 0000 0 0 0000000000000000000 00350001000005978954 FC3 C
0035 COG 20250409 20250410 81 4073 000 0 000 0 00 00000 0000 00 0 0 000 10001 0 0278 0278 0001 0000001 0000000 000000130500000 000000000000000 000000000000000 000000000000000 0 000000000000 FC3 25181057705428704 00350001000005979542 FA A5 FC3 0000 0000 0 0 0000000000000000000 00350001000005979542 FC3 C
0035 COG 20250409 20250410 81 4073 000 0 000 0 00 00000 0000 00 0 0 000 10001 0 0278 0278 0001 0000000 0000001 000000000000000 000000130500000 000000000000000 000000000000000 0 000000000000 FC3 25707601097042868 00350001000005979542 FA A5 FC3 0000 0000 0 0 0000000000000000000 00350001000005979542 FC3 C
0035 COG 20250409 20250410 81 4073 000 0 000 0 00 00000 0000 00 0 0 000 10001 0 0278 0278 0001 0000001 0000000 000000130500000 000000000000000 000000000000000 000000000000000 0 000000000000 FC3 25332488196490870 00350001000005979542 FA A5 FC3 0000 0000 0 0 0000000000000000000 00350001000005979542 FC3 C
0035 COG 20250409 20250410 81 4073 000 0 000 0 00 00000 0000 00 0 0 000 40002 0 0278 0278 0001 0000000 0000001 000000000000000 000000130500000 000000000000000 000000000000000 0 000000000000 FC3 25714842846803215 00350001000005979542 FA A5 FC3 0000 0000 0 0 0000000000000000000 00350001000005979542 FC3 C
0035 COG 20250409 20250410 81 4073 000 0 000 0 00 00000 0000 00 0 0 000 40002 0 0278 0278 0001 0000000 0000001 000000000000000 000000029950000 000000000000000 000000000000000 0 000000000000 FC3 25117550011740807 00350001000005979543 FA A5 FC3 0000 0000 0 0 0000000000000000000 00350001000005979543 FC3 C
0035 COG 20250409 20250410 81 4073 000 0 000 0 00 00000 0000 00 0 0 000 10001 0 0278 0278 0001 0000001 0000000 000000029950000 000000000000000 000000000000000 000000000000000 0 000000000000 FC3 25301598600071723 00350001000005979543 FA A5 FC3 0000 0000 0 0 0000000000000000000 00350001000005979543 FC3 C
0035 COG 20250409 20250410 81 4073 000 0 000 0 00 00000 0000 00 0 0 000 10001 0 0278 0278 0001 0000000 0000001 000000000000000 000000029950000 000000000000000 000000000000000 0 000000000000 FC3 25773236837063319 00350001000005979543 FA A5 FC3 0000 0000 0 0 0000000000000000000 00350001000005979543 FC3 C
0035 COG 20250409 20250410 81 4073 000 0 000 0 00 00000 0000 00 0 0 000 10001 0 0278 0278 0001 0000001 0000000 000000029950000 000000000000000 000000000000000 000000000000000 0 000000000000 FC3 25511358816716362 00350001000005979543 FA A5 FC3 0000 0000 0 0 0000000000000000000 00350001000005979543 FC3 C
0035 COG 20250409 20250410 81 4073 000 0 000 0 00 00000 0000 00 0 0 000 10001 0 0278 0278 0001 0000000 0000001 000000000000000 000000044050000 000000000000000 000000000000000 0 000000000000 FC3 25478813574686888 00350001000005979544 FA A5 FC3 0000 0000 0 0 0000000000000000000 00350001000005979544 FC3 C
0035 COG 20250409 20250410 81 4073 000 0 000 0 00 00000 0000 00 0 0 000 10001 0 0278 0278 0001 0000001 0000000 000000044050000 000000000000000 000000000000000 000000000000000 0 000000000000 FC3 25773248954517436 00350001000005979544 FA A5 FC3 0000 0000 0 0 0000000000000000000 00350001000005979544 FC3 C
0035 COG 20250409 20250410 81 4073 000 0 000 0 00 00000 0000 00 0 0 000 10001 0 0278 0278 0001 0000001 0000000 000000044050000 000000000000000 000000000000000 000000000000000 0 000000000000 FC3 25657843984975355 00350001000005979544 FA A5 FC3 0000 0000 0 0 0000000000000000000 00350001000005979544 FC3 C
0035 COG 20250409 20250410 81 4073 000 0 000 0 00 00000 0000 00 0 0 000 40002 0 0278 0278 0001 0000000 0000001 000000000000000 000000044050000 000000000000000 000000000000000 0 000000000000 FC3 25216718509313142 00350001000005979544 FA A5 FC3 0000 0000 0 0 0000000000000000000 00350001000005979544 FC3 C
0035 COG 20250409 20250410 81 4073 000 0 000 0 00 00000 0000 00 0 0 000 40002 0 0278 0278 0001 0000000 0000001 000000000000000 000000420500000 000000000000000 000000000000000 0 000000000000 FC3 25194732810895112 00350001000005979545 FA A5 FC3 0000 0000 0 0 0000000000000000000 00350001000005979545 FC3 C
0035 COG 20250409 20250410 81 4073 000 0 000 0 00 00000 0000 00 0 0 000 10001 0 0278 0278 0001 0000001 0000000 000000420500000 000000000000000 000000000000000 000000000000000 0 000000000000 FC3 25181948178917446 00350001000005979545 FA A5 FC3 0000 0000 0 0 0000000000000000000 00350001000005979545 FC3 C
0035 COG 20250409 20250410 81 4073 000 0 000 0 00 00000 0000 00 0 0 000 10001 0 0278 0278 0001 0000000 0000001 000000000000000 000000420500000 000000000000000 000000000000000 0 000000000000 FC3 25524881141260989 00350001000005979545 FA A5 FC3 0000 0000 0 0 0000000000000000000 00350001000005979545 FC3 C
0035 COG 20250409 20250410 81 4073 000 0 000 0 00 00000 0000 00 0 0 000 10001 0 0278 0278 0001 0000001 0000000 000000420500000 000000000000000 000000000000000 000000000000000 0 000000000000 FC3 25966313396427638 00350001000005979545 FA A5 FC3 0000 0000 0 0 0000000000000000000 00350001000005979545 FC3 C
