0035 COG 20250411 20250411 81 4073 000 0 000 0 00 00000 0000 00 0 0 000 10001 0 0278 0278 0001 0000001 0000000 000000579550000 000000000000000 000000000000000 000000000000000 0 000000000000 FC3 25720986638082646 00350001000005979748 FA A5 FC3 0000 0000 0 0 0000000000000000000 00350001000005979748 FC3 C
0035 COG 20250411 20250411 81 4073 000 0 000 0 00 00000 0000 00 0 0 000 40002 0 0278 0278 0001 0000000 0000001 000000000000000 000000578708900 000000000000000 000000000000000 0 000000000000 FC3 25596891866937994 00350001000005979748 FA A5 FC3 0000 0000 0 0 0000000000000000000 00350001000005979748 FC3 C
0035 COG 20250411 20250411 81 4073 000 0 000 0 00 00000 0000 00 0 0 000 10002 0 0278 0278 0001 0000000 0000001 000000000000000 000000000658100 000000000000000 000000000000000 0 000000000000 FC3 25239093059538784 00350001000005979748 FA A5 FC3 0000 0000 0 0 0000000000000000000 00350001000005979748 FC3 C
0035 COG 20250411 20250411 81 4073 000 0 000 0 00 00000 0000 00 0 0 000 20005 0 0278 0278 0001 0000001 0000000 000000000153800 000000000000000 000000000000000 000000000000000 0 000000000000 FC6 25478490715719324 00350001000005979748 FA A5 FC6 0000 0000 0 0 0000000000000000000 00350001000005979748 FC6 C
0035 COG 20250411 20250411 81 4073 000 0 000 0 00 00000 0000 00 0 0 000 20005 0 0278 0278 0001 0000000 0000001 000000000000000 000000000153800 000000000000000 000000000000000 0 000000000000 FC6 25710200796208095 00350001000005979748 FA A5 FC6 0000 0000 0 0 0000000000000000000 00350001000005979748 FC6 C
0035 COG 20250411 20250411 81 4073 000 0 000 0 00 00000 0000 00 0 0 000 20005 0 0278 0278 0001 0000000 0000001 000000000000000 000000000153800 000000000000000 000000000000000 0 000000000000 FC6 25342677367402913 00350001000005979748 FA A5 FC6 0000 0000 0 0 0000000000000000000 00350001000005979748 FC6 C
0035 COG 20250411 20250411 81 4073 000 0 000 0 00 00000 0000 00 0 0 000 40001 0 0278 0278 0001 0000000 0000001 000000000000000 000000000029200 000000000000000 000000000000000 0 000000000000 FC3 25147883127489139 00350001000005979748 FA A5 FC3 0000 0000 0 0 0000000000000000000 00350001000005979748 FC3 C
0035 COG 20250411 20250411 81 4073 000 0 000 0 00 00000 0000 00 0 0 000 20005 0 0278 0278 0001 0000001 0000000 000000000153800 000000000000000 000000000000000 000000000000000 0 000000000000 FC6 25428803542513285 00350001000005979748 FA A5 FC6 0000 0000 0 0 0000000000000000000 00350001000005979748 FC6 C
0035 COG 20250411 20250411 81 4073 000 0 000 0 00 00000 0000 00 0 0 000 30001 0 0278 0278 0001 0000000 0000001 000000000000000 000000000153800 000000000000000 000000000000000 0 000000000000 FC6 25526503431481260 00350001000005979748 FA A5 FC6 0000 0000 0 0 0000000000000000000 00350001000005979748 FC6 C
0035 COG 20250411 20250411 81 4073 000 0 000 0 00 00000 0000 00 0 0 000 10005 0 0278 0278 0001 0000001 0000000 000000000493600 000000000000000 000000000000000 000000000000000 0 000000000000 FC4 25320254317883157 00350001000005979748 FA A5 FC4 0000 0000 0 0 0000000000000000000 00350001000005979748 FC4 C
0035 COG 20250411 20250411 81 4073 000 0 000 0 00 00000 0000 00 0 0 000 30002 0 0278 0278 0001 0000000 0000001 000000000000000 000000000493600 000000000000000 000000000000000 0 000000000000 FC3 25152573750065340 00350001000005979748 FA A5 FC3 0000 0000 0 0 0000000000000000000 00350001000005979748 FC3 C
0035 COG 20250411 20250411 81 4073 000 0 000 0 00 00000 0000 00 0 0 000 20005 0 0278 0278 0001 0000001 0000000 000000000016200 000000000000000 000000000000000 000000000000000 0 000000000000 FC6 25366890517784233 00350001000005979749 FA A5 FC6 0000 0000 0 0 0000000000000000000 00350001000005979749 FC6 C
0035 COG 20250411 20250411 81 4073 000 0 000 0 00 00000 0000 00 0 0 000 40001 0 0278 0278 0001 0000000 0000001 000000000000000 000000000003100 000000000000000 000000000000000 0 000000000000 FC3 25920571544419285 00350001000005979749 FA A5 FC3 0000 0000 0 0 0000000000000000000 00350001000005979749 FC3 C
0035 COG 20250411 20250411 81 4073 000 0 000 0 00 00000 0000 00 0 0 000 20005 0 0278 0278 0001 0000000 0000001 000000000000000 000000000016200 000000000000000 000000000000000 0 000000000000 FC6 25224448305453869 00350001000005979749 FA A5 FC6 0000 0000 0 0 0000000000000000000 00350001000005979749 FC6 C
0035 COG 20250411 20250411 81 4073 000 0 000 0 00 00000 0000 00 0 0 000 10001 0 0278 0278 0001 0000001 0000000 000000061150000 000000000000000 000000000000000 000000000000000 0 000000000000 FC3 25487845407745879 00350001000005979749 FA A5 FC3 0000 0000 0 0 0000000000000000000 00350001000005979749 FC3 C
0035 COG 20250411 20250411 81 4073 000 0 000 0 00 00000 0000 00 0 0 000 40002 0 0278 0278 0001 0000000 0000001 000000000000000 000000061061300 000000000000000 000000000000000 0 000000000000 FC3 25296398589056127 00350001000005979749 FA A5 FC3 0000 0000 0 0 0000000000000000000 00350001000005979749 FC3 C
0035 COG 20250411 20250411 81 4073 000 0 000 0 00 00000 0000 00 0 0 000 20005 0 0278 0278 0001 0000000 0000001 000000000000000 000000000016200 000000000000000 000000000000000 0 000000000000 FC6 25743696957221177 00350001000005979749 FA A5 FC6 0000 0000 0 0 0000000000000000000 00350001000005979749 FC6 C
0035 COG 20250411 20250411 81 4073 000 0 000 0 00 00000 0000 00 0 0 000 30002 0 0278 0278 0001 0000000 0000001 000000000000000 000000000052100 000000000000000 000000000000000 0 000000000000 FC3 25320439457864651 00350001000005979749 FA A5 FC3 0000 0000 0 0 0000000000000000000 00350001000005979749 FC3 C
0035 COG 20250411 20250411 81 4073 000 0 000 0 00 00000 0000 00 0 0 000 10005 0 0278 0278 0001 0000001 0000000 000000000052100 000000000000000 000000000000000 000000000000000 0 000000000000 FC4 25180163455896733 00350001000005979749 FA A5 FC4 0000 0000 0 0 0000000000000000000 00350001000005979749 FC4 C
0035 COG 20250411 20250411 81 4073 000 0 000 0 00 00000 0000 00 0 0 000 30001 0 0278 0278 0001 0000000 0000001 000000000000000 000000000016200 000000000000000 000000000000000 0 000000000000 FC6 25736939782688038 00350001000005979749 FA A5 FC6 0000 0000 0 0 0000000000000000000 00350001000005979749 FC6 C
0035 COG 20250411 20250411 81 4073 000 0 000 0 00 00000 0000 00 0 0 000 20005 0 0278 0278 0001 0000001 0000000 000000000016200 000000000000000 000000000000000 000000000000000 0 000000000000 FC6 25430976207221078 00350001000005979749 FA A5 FC6 0000 0000 0 0 0000000000000000000 00350001000005979749 FC6 C
0035 COG 20250411 20250411 81 4073 000 0 000 0 00 00000 0000 00 0 0 000 10002 0 0278 0278 0001 0000000 0000001 000000000000000 000000000069400 000000000000000 000000000000000 0 000000000000 FC3 25357645364487669 00350001000005979749 FA A5 FC3 0000 0000 0 0 0000000000000000000 00350001000005979749 FC3 C
0035 COG 20250411 20250411 81 4073 000 0 000 0 00 00000 0000 00 0 0 000 10002 0 0278 0278 0001 0000000 0000001 000000000000000 000000000052700 000000000000000 000000000000000 0 000000000000 FC3 25159037520901666 00350001000005979750 FA A5 FC3 0000 0000 0 0 0000000000000000000 00350001000005979750 FC3 C
0035 COG 20250411 20250411 81 4073 000 0 000 0 00 00000 0000 00 0 0 000 40002 0 0278 0278 0001 0000000 0000001 000000000000000 000000057631100 000000000000000 000000000000000 0 000000000000 FC3 25681387112322218 00350001000005979750 FA A5 FC3 0000 0000 0 0 0000000000000000000 00350001000005979750 FC3 C
0035 COG 20250411 20250411 81 4073 000 0 000 0 00 00000 0000 00 0 0 000 10001 0 0278 0278 0001 0000001 0000000 000000057750000 000000000000000 000000000000000 000000000000000 0 000000000000 FC3 25533454679436116 00350001000005979750 FA A5 FC3 0000 0000 0 0 0000000000000000000 00350001000005979750 FC3 C
0035 COG 20250411 20250411 81 4073 000 0 000 0 00 00000 0000 00 0 0 000 10005 0 0278 0278 0001 0000001 0000000 000000000039500 000000000000000 000000000000000 000000000000000 0 000000000000 FC4 25358600157464118 00350001000005979750 FA A5 FC4 0000 0000 0 0 0000000000000000000 00350001000005979750 FC4 C
0035 COG 20250411 20250411 81 4073 000 0 000 0 00 00000 0000 00 0 0 000 30002 0 0278 0278 0001 0000000 0000001 000000000000000 000000000039500 000000000000000 000000000000000 0 000000000000 FC3 25168431435643186 00350001000005979750 FA A5 FC3 0000 0000 0 0 0000000000000000000 00350001000005979750 FC3 C
0035 COG 20250411 20250411 81 4073 000 0 000 0 00 00000 0000 00 0 0 000 30001 0 0278 0278 0001 0000000 0000001 000000000000000 000000000055600 000000000000000 000000000000000 0 000000000000 FC6 25894779713322314 00350001000005979750 FA A5 FC6 0000 0000 0 0 0000000000000000000 00350001000005979750 FC6 C
0035 COG 20250411 20250411 81 4073 000 0 000 0 00 00000 0000 00 0 0 000 20005 0 0278 0278 0001 0000001 0000000 000000000055600 000000000000000 000000000000000 000000000000000 0 000000000000 FC6 25765581145507231 00350001000005979750 FA A5 FC6 0000 0000 0 0 0000000000000000000 00350001000005979750 FC6 C
0035 COG 20250411 20250411 81 4073 000 0 000 0 00 00000 0000 00 0 0 000 40001 0 0278 0278 0001 0000000 0000001 000000000000000 000000000010600 000000000000000 000000000000000 0 000000000000 FC3 25624667913210162 00350001000005979750 FA A5 FC3 0000 0000 0 0 0000000000000000000 00350001000005979750 FC3 C
0035 COG 20250411 20250411 81 4073 000 0 000 0 00 00000 0000 00 0 0 000 20005 0 0278 0278 0001 0000000 0000001 000000000000000 000000000055600 000000000000000 000000000000000 0 000000000000 FC6 25816875626948534 00350001000005979750 FA A5 FC6 0000 0000 0 0 0000000000000000000 00350001000005979750 FC6 C
0035 COG 20250411 20250411 81 4073 000 0 000 0 00 00000 0000 00 0 0 000 20005 0 0278 0278 0001 0000000 0000001 000000000000000 000000000055600 000000000000000 000000000000000 0 000000000000 FC6 25298272676598024 00350001000005979750 FA A5 FC6 0000 0000 0 0 0000000000000000000 00350001000005979750 FC6 C
0035 COG 20250411 20250411 81 4073 000 0 000 0 00 00000 0000 00 0 0 000 20005 0 0278 0278 0001 0000001 0000000 000000000055600 000000000000000 000000000000000 000000000000000 0 000000000000 FC6 25226105832988755 00350001000005979750 FA A5 FC6 0000 0000 0 0 0000000000000000000 00350001000005979750 FC6 C
0035 COG 20250411 20250411 81 4073 000 0 000 0 00 00000 0000 00 0 0 000 20005 0 0278 0278 0001 0000000 0000001 000000000000000 000000000414400 000000000000000 000000000000000 0 000000000000 FC6 25688282051908955 00350001000005979751 FA A5 FC6 0000 0000 0 0 0000000000000000000 00350001000005979751 FC6 C
0035 COG 20250411 20250411 81 4073 000 0 000 0 00 00000 0000 00 0 0 000 20005 0 0278 0278 0001 0000000 0000001 000000000000000 000000000414400 000000000000000 000000000000000 0 000000000000 FC6 25773200181169520 00350001000005979751 FA A5 FC6 0000 0000 0 0 0000000000000000000 00350001000005979751 FC6 C
0035 COG 20250411 20250411 81 4073 000 0 000 0 00 00000 0000 00 0 0 000 40001 0 0278 0278 0001 0000000 0000001 000000000000000 000000000078700 000000000000000 000000000000000 0 000000000000 FC3 25375326857924363 00350001000005979751 FA A5 FC3 0000 0000 0 0 0000000000000000000 00350001000005979751 FC3 C
0035 COG 20250411 20250411 81 4073 000 0 000 0 00 00000 0000 00 0 0 000 20005 0 0278 0278 0001 0000001 0000000 000000000414400 000000000000000 000000000000000 000000000000000 0 000000000000 FC6 25206522013053172 00350001000005979751 FA A5 FC6 0000 0000 0 0 0000000000000000000 00350001000005979751 FC6 C
0035 COG 20250411 20250411 81 4073 000 0 000 0 00 00000 0000 00 0 0 000 30001 0 0278 0278 0001 0000000 0000001 000000000000000 000000000414400 000000000000000 000000000000000 0 000000000000 FC6 25469353928399655 00350001000005979751 FA A5 FC6 0000 0000 0 0 0000000000000000000 00350001000005979751 FC6 C
0035 COG 20250411 20250411 81 4073 000 0 000 0 00 00000 0000 00 0 0 000 30002 0 0278 0278 0001 0000000 0000001 000000000000000 000000000294900 000000000000000 000000000000000 0 000000000000 FC3 25132702959975663 00350001000005979751 FA A5 FC3 0000 0000 0 0 0000000000000000000 00350001000005979751 FC3 C
0035 COG 20250411 20250411 81 4073 000 0 000 0 00 00000 0000 00 0 0 000 10005 0 0278 0278 0001 0000001 0000000 000000000294900 000000000000000 000000000000000 000000000000000 0 000000000000 FC4 25101424922455580 00350001000005979751 FA A5 FC4 0000 0000 0 0 0000000000000000000 00350001000005979751 FC4 C
0035 COG 20250411 20250411 81 4073 000 0 000 0 00 00000 0000 00 0 0 000 10001 0 0278 0278 0001 0000001 0000000 000000430550000 000000000000000 000000000000000 000000000000000 0 000000000000 FC3 25584859052329843 00350001000005979751 FA A5 FC3 0000 0000 0 0 0000000000000000000 00350001000005979751 FC3 C
0035 COG 20250411 20250411 81 4073 000 0 000 0 00 00000 0000 00 0 0 000 20005 0 0278 0278 0001 0000001 0000000 000000000414400 000000000000000 000000000000000 000000000000000 0 000000000000 FC6 25888779205956342 00350001000005979751 FA A5 FC6 0000 0000 0 0 0000000000000000000 00350001000005979751 FC6 C
0035 COG 20250411 20250411 81 4073 000 0 000 0 00 00000 0000 00 0 0 000 10002 0 0278 0278 0001 0000000 0000001 000000000000000 000000000393200 000000000000000 000000000000000 0 000000000000 FC3 25902004304521296 00350001000005979751 FA A5 FC3 0000 0000 0 0 0000000000000000000 00350001000005979751 FC3 C
0035 COG 20250411 20250411 81 4073 000 0 000 0 00 00000 0000 00 0 0 000 40002 0 0278 0278 0001 0000000 0000001 000000000000000 000000429663700 000000000000000 000000000000000 0 000000000000 FC3 25173197528722945 00350001000005979751 FA A5 FC3 0000 0000 0 0 0000000000000000000 00350001000005979751 FC3 C
0035 COG 20250411 20250411 81 4073 000 0 000 0 00 00000 0000 00 0 0 000 20005 0 0278 0278 0001 0000000 0000001 000000000000000 000000000833000 000000000000000 000000000000000 0 000000000000 FC6 25918888700953246 00350001000000026536 FA A5 FC6 0000 0000 0 0 0000000000000000000 00350001000000026536 FC6 C
0035 COG 20250411 20250411 81 4073 000 0 000 0 00 00000 0000 00 0 0 000 10009 0 0278 0278 0001 0000001 0000000 000000000833000 000000000000000 000000000000000 000000000000000 0 000000000000 FC7 25820144261523791 00350001000000026536 FA A5 FC7 0000 0000 0 0 0000000000000000000 00350001000000026536 FC7 C
0035 COG 20250411 20250411 81 4073 000 0 000 0 00 00000 0000 00 0 0 000 90006 0 0278 0278 0001 0000000 0000001 000000000000000 000000000833000 000000000000000 000000000000000 0 000000000000 FC8 25538524128171482 00350001000000026536 FA A5 FC8 0000 0000 0 0 0000000000000000000 00350001000000026536 FC8 C
0035 COG 20250411 20250411 81 4073 000 0 000 0 00 00000 0000 00 0 0 000 90005 0 0278 0278 0001 0000001 0000000 000000000833000 000000000000000 000000000000000 000000000000000 0 000000000000 FC8 25893231600800604 00350001000000026536 FA A5 FC8 0000 0000 0 0 0000000000000000000 00350001000000026536 FC8 C
0035 COG 20250411 20250411 81 4073 000 0 000 0 00 00000 0000 00 0 0 000 10009 0 0278 0278 0001 0000000 0000001 000000000000000 000000000833000 000000000000000 000000000000000 0 000000000000 FC7 25144471767357461 00350001000000026536 FA A5 FC7 0000 0000 0 0 0000000000000000000 00350001000000026536 FC7 C
0035 COG 20250411 20250411 81 4073 000 0 000 0 00 00000 0000 00 0 0 000 30006 0 0278 0278 0001 0000001 0000000 000000000833000 000000000000000 000000000000000 000000000000000 0 000000000000 FC8 25926558006918399 00350001000000026536 FA A5 FC8 0000 0000 0 0 0000000000000000000 00350001000000026536 FC8 C
0035 COG 20250411 20250411 81 4073 000 0 000 0 00 00000 0000 00 0 0 000 90006 0 0278 0278 0001 0000000 0000001 000000000000000 000000001666000 000000000000000 000000000000000 0 000000000000 FC8 25388570070261755 00350001000000026537 FA A5 FC8 0000 0000 0 0 0000000000000000000 00350001000000026537 FC8 C
0035 COG 20250411 20250411 81 4073 000 0 000 0 00 00000 0000 00 0 0 000 20005 0 0278 0278 0001 0000000 0000001 000000000000000 000000000833000 000000000000000 000000000000000 0 000000000000 FC6 25473882487144600 00350001000000026537 FA A5 FC6 0000 0000 0 0 0000000000000000000 00350001000000026537 FC6 C
0035 COG 20250411 20250411 81 4073 000 0 000 0 00 00000 0000 00 0 0 000 10009 0 0278 0278 0001 0000001 0000000 000000001666000 000000000000000 000000000000000 000000000000000 0 000000000000 FC7 25388663095565571 00350001000000026537 FA A5 FC7 0000 0000 0 0 0000000000000000000 00350001000000026537 FC7 C
0035 COG 20250411 20250411 81 4073 000 0 000 0 00 00000 0000 00 0 0 000 20005 0 0278 0278 0001 0000000 0000001 000000000000000 000000001666000 000000000000000 000000000000000 0 000000000000 FC6 25786316216197821 00350001000000026537 FA A5 FC6 0000 0000 0 0 0000000000000000000 00350001000000026537 FC6 C
0035 COG 20250411 20250411 81 4073 000 0 000 0 00 00000 0000 00 0 0 000 90005 0 0278 0278 0001 0000001 0000000 000000001666000 000000000000000 000000000000000 000000000000000 0 000000000000 FC8 25586244115965075 00350001000000026537 FA A5 FC8 0000 0000 0 0 0000000000000000000 00350001000000026537 FC8 C
0035 COG 20250411 20250411 81 4073 000 0 000 0 00 00000 0000 00 0 0 000 10009 0 0278 0278 0001 0000001 0000000 000000000833000 000000000000000 000000000000000 000000000000000 0 000000000000 FC7 25210736446333498 00350001000000026537 FA A5 FC7 0000 0000 0 0 0000000000000000000 00350001000000026537 FC7 C
0035 COG 20250411 20250411 81 4073 000 0 000 0 00 00000 0000 00 0 0 000 10009 0 0278 0278 0001 0000000 0000001 000000000000000 000000001666000 000000000000000 000000000000000 0 000000000000 FC7 25144724933043835 00350001000000026537 FA A5 FC7 0000 0000 0 0 0000000000000000000 00350001000000026537 FC7 C
0035 COG 20250411 20250411 81 4073 000 0 000 0 00 00000 0000 00 0 0 000 30006 0 0278 0278 0001 0000001 0000000 000000001666000 000000000000000 000000000000000 000000000000000 0 000000000000 FC8 25574250698544986 00350001000000026537 FA A5 FC8 0000 0000 0 0 0000000000000000000 00350001000000026537 FC8 C
0035 COG 20250411 20250411 81 4073 000 0 000 0 00 00000 0000 00 0 0 000 90005 0 0278 0278 0001 0000001 0000000 000000000833000 000000000000000 000000000000000 000000000000000 0 000000000000 FC8 25597373377194866 00350001000000026537 FA A5 FC8 0000 0000 0 0 0000000000000000000 00350001000000026537 FC8 C
0035 COG 20250411 20250411 81 4073 000 0 000 0 00 00000 0000 00 0 0 000 90006 0 0278 0278 0001 0000000 0000001 000000000000000 000000000833000 000000000000000 000000000000000 0 000000000000 FC8 25680422422062122 00350001000000026537 FA A5 FC8 0000 0000 0 0 0000000000000000000 00350001000000026537 FC8 C
0035 COG 20250411 20250411 81 4073 000 0 000 0 00 00000 0000 00 0 0 000 30006 0 0278 0278 0001 0000001 0000000 000000000833000 000000000000000 000000000000000 000000000000000 0 000000000000 FC8 25304887440817037 00350001000000026537 FA A5 FC8 0000 0000 0 0 0000000000000000000 00350001000000026537 FC8 C
0035 COG 20250411 20250411 81 4073 000 0 000 0 00 00000 0000 00 0 0 000 10009 0 0278 0278 0001 0000000 0000001 000000000000000 000000000833000 000000000000000 000000000000000 0 000000000000 FC7 25466014465935856 00350001000000026537 FA A5 FC7 0000 0000 0 0 0000000000000000000 00350001000000026537 FC7 C
0035 COG 20250411 20250411 81 4073 000 0 000 0 00 00000 0000 00 0 0 000 10005 0 0278 0278 0001 0000001 0000000 000000000605200 000000000000000 000000000000000 000000000000000 0 000000000000 FC4 25428040573720430 00350001000005979781 FA A5 FC4 0000 0000 0 0 0000000000000000000 00350001000005979781 FC4 C
0035 COG 20250411 20250411 81 4073 000 0 000 0 00 00000 0000 00 0 0 000 10001 0 0278 0278 0001 0000001 0000000 000000710550000 000000000000000 000000000000000 000000000000000 0 000000000000 FC3 25204720769481967 00350001000005979781 FA A5 FC3 0000 0000 0 0 0000000000000000000 00350001000005979781 FC3 C
0035 COG 20250411 20250411 81 4073 000 0 000 0 00 00000 0000 00 0 0 000 10002 0 0278 0278 0001 0000000 0000001 000000000000000 000000001008600 000000000000000 000000000000000 0 000000000000 FC3 25245369961142015 00350001000005979781 FA A5 FC3 0000 0000 0 0 0000000000000000000 00350001000005979781 FC3 C
0035 COG 20250411 20250411 81 4073 000 0 000 0 00 00000 0000 00 0 0 000 40002 0 0278 0278 0001 0000000 0000001 000000000000000 000000709541400 000000000000000 000000000000000 0 000000000000 FC3 25321211946471789 00350001000005979781 FA A5 FC3 0000 0000 0 0 0000000000000000000 00350001000005979781 FC3 C
0035 COG 20250411 20250411 81 4073 000 0 000 0 00 00000 0000 00 0 0 000 30002 0 0278 0278 0001 0000000 0000001 000000000000000 000000000605200 000000000000000 000000000000000 0 000000000000 FC3 25388003752892528 00350001000005979781 FA A5 FC3 0000 0000 0 0 0000000000000000000 00350001000005979781 FC3 C
0035 COG 20250411 20250411 81 4073 000 0 000 0 00 00000 0000 00 0 0 000 10005 0 0278 0278 0001 0000001 0000000 000000000520000 000000000000000 000000000000000 000000000000000 0 000000000000 FC4 25109448319234488 00350001000005979777 FA A5 FC4 0000 0000 0 0 0000000000000000000 00350001000005979777 FC4 C
0035 COG 20250411 20250411 81 4073 000 0 000 0 00 00000 0000 00 0 0 000 40002 0 0278 0278 0001 0000000 0000001 000000000000000 000000609856700 000000000000000 000000000000000 0 000000000000 FC3 25134999513868374 00350001000005979777 FA A5 FC3 0000 0000 0 0 0000000000000000000 00350001000005979777 FC3 C
0035 COG 20250411 20250411 81 4073 000 0 000 0 00 00000 0000 00 0 0 000 30002 0 0278 0278 0001 0000000 0000001 000000000000000 000000000520000 000000000000000 000000000000000 0 000000000000 FC3 25516336345227822 00350001000005979777 FA A5 FC3 0000 0000 0 0 0000000000000000000 00350001000005979777 FC3 C
0035 COG 20250411 20250411 81 4073 000 0 000 0 00 00000 0000 00 0 0 000 10002 0 0278 0278 0001 0000000 0000001 000000000000000 000000000693300 000000000000000 000000000000000 0 000000000000 FC3 25597399804694483 00350001000005979777 FA A5 FC3 0000 0000 0 0 0000000000000000000 00350001000005979777 FC3 C
0035 COG 20250411 20250411 81 4073 000 0 000 0 00 00000 0000 00 0 0 000 10001 0 0278 0278 0001 0000001 0000000 000000610550000 000000000000000 000000000000000 000000000000000 0 000000000000 FC3 25229232032990579 00350001000005979777 FA A5 FC3 0000 0000 0 0 0000000000000000000 00350001000005979777 FC3 C
