0035 COG 20250409 20250409 81 4073 000 0 000 0 00 00000 0000 00 0 0 000 30002 0 0278 0278 0001 0000000 0000001 000000000000000 000000000017300 000000000000000 000000000000000 0 000000000000 FC3 25357922318713980 00350001000005978950 FA A5 FC3 0000 0000 0 0 0000000000000000000 00350001000005978950 FC3 C
0035 COG 20250409 20250409 81 4073 000 0 000 0 00 00000 0000 00 0 0 000 10005 0 0278 0278 0001 0000001 0000000 000000000056600 000000000000000 000000000000000 000000000000000 0 000000000000 FC4 25262181019629499 00350001000005978949 FA A5 FC4 0000 0000 0 0 0000000000000000000 00350001000005978949 FC4 C
0035 COG 20250409 20250409 81 4073 000 0 000 0 00 00000 0000 00 0 0 000 30002 0 0278 0278 0001 0000000 0000001 000000000000000 000000000082300 000000000000000 000000000000000 0 000000000000 FC3 25331798688116272 00350001000005978952 FA A5 FC3 0000 0000 0 0 0000000000000000000 00350001000005978952 FC3 C
0035 COG 20250409 20250409 81 4073 000 0 000 0 00 00000 0000 00 0 0 000 10005 0 0278 0278 0001 0000001 0000000 000000000082300 000000000000000 000000000000000 000000000000000 0 000000000000 FC4 25350743417057793 00350001000005978952 FA A5 FC4 0000 0000 0 0 0000000000000000000 00350001000005978952 FC4 C
0035 COG 20250409 20250409 81 4073 000 0 000 0 00 00000 0000 00 0 0 000 30002 0 0278 0278 0001 0000000 0000001 000000000000000 000000000056600 000000000000000 000000000000000 0 000000000000 FC3 25424305828833464 00350001000005978949 FA A5 FC3 0000 0000 0 0 0000000000000000000 00350001000005978949 FC3 C
0035 COG 20250409 20250409 81 4073 000 0 000 0 00 00000 0000 00 0 0 000 10005 0 0278 0278 0001 0000001 0000000 000000000017300 000000000000000 000000000000000 000000000000000 0 000000000000 FC4 25516009092561454 00350001000005978950 FA A5 FC4 0000 0000 0 0 0000000000000000000 00350001000005978950 FC4 C
0035 COG 20250409 20250409 81 4073 000 0 000 0 00 00000 0000 00 0 0 000 10005 0 0278 0278 0001 0000001 0000000 000000000013200 000000000000000 000000000000000 000000000000000 0 000000000000 FC4 25603875722076158 00350001000005978951 FA A5 FC4 0000 0000 0 0 0000000000000000000 00350001000005978951 FC4 C
0035 COG 20250409 20250409 81 4073 000 0 000 0 00 00000 0000 00 0 0 000 30002 0 0278 0278 0001 0000000 0000001 000000000000000 000000000013200 000000000000000 000000000000000 0 000000000000 FC3 25813408512166027 00350001000005978951 FA A5 FC3 0000 0000 0 0 0000000000000000000 00350001000005978951 FC3 C
0035 COG 20250409 20250409 81 4073 000 0 000 0 00 00000 0000 00 0 0 000 10001 0 0278 0278 0001 0000000 0000001 000000000000000 000000130500000 000000000000000 000000000000000 0 000000000000 FC3 25132374917038049 00350001000005979542 FA A5 FC3 0000 0000 0 0 0000000000000000000 00350001000005979542 FC3 C
0035 COG 20250409 20250409 81 4073 000 0 000 0 00 00000 0000 00 0 0 000 30001 0 0278 0278 0001 0000000 0000001 000000000000000 000000002100000 000000000000000 000000000000000 0 000000000000 FC6 25150550465799479 00350001             FA A5 FC6 0000 0000 0 0 0000000000000000000 00350001             FC6 C
0035 COG 20250409 20250409 81 4073 000 0 000 0 00 00000 0000 00 0 0 000 40004 0 0278 0278 0001 0000001 0000000 000000420500000 000000000000000 000000000000000 000000000000000 0 000000000000 FC6 25102606064727632 00350001000005979545 FA A5 FC6 0000 0000 0 0 0000000000000000000 00350001000005979545 FC6 C
0035 COG 20250409 20250409 81 4073 000 0 000 0 00 00000 0000 00 0 0 000 10001 0 0278 0278 0001 0000001 0000000 000000220500000 000000000000000 000000000000000 000000000000000 0 000000000000 FC3 25169151151701185 00350001000005978956 FA A5 FC3 0000 0000 0 0 0000000000000000000 00350001000005978956 FC3 C
0035 COG 20250409 20250409 81 4073 000 0 000 0 00 00000 0000 00 0 0 000 40004 0 0278 0278 0001 0000001 0000000 000000002499000 000000000000000 000000000000000 000000000000000 0 000000000000 FC6 25206808357930530 00350001             FA A5 FC6 0000 0000 0 0 0000000000000000000 00350001             FC6 C
0035 COG 20250409 20250409 81 4073 000 0 000 0 00 00000 0000 00 0 0 000 40004 0 0278 0278 0001 0000001 0000000 000000044050000 000000000000000 000000000000000 000000000000000 0 000000000000 FC6 25227508647305742 00350001000005979544 FA A5 FC6 0000 0000 0 0 0000000000000000000 00350001000005979544 FC6 C
0035 COG 20250409 20250409 81 4073 000 0 000 0 00 00000 0000 00 0 0 000 20005 0 0278 0278 0001 0000000 0000001 000000000000000 000000000700000 000000000000000 000000000000000 0 000000000000 FC6 25238827682079449 00350001             FA A5 FC6 0000 0000 0 0 0000000000000000000 00350001             FC6 C
0035 COG 20250409 20250409 81 4073 000 0 000 0 00 00000 0000 00 0 0 000 40004 0 0278 0278 0001 0000001 0000000 000000130500000 000000000000000 000000000000000 000000000000000 0 000000000000 FC6 25241968507910575 00350001000005979542 FA A5 FC6 0000 0000 0 0 0000000000000000000 00350001000005979542 FC6 C
0035 COG 20250409 20250409 81 4073 000 0 000 0 00 00000 0000 00 0 0 000 10001 0 0278 0278 0001 0000000 0000001 000000000000000 000000029950000 000000000000000 000000000000000 0 000000000000 FC3 25312092445093234 00350001000005979543 FA A5 FC3 0000 0000 0 0 0000000000000000000 00350001000005979543 FC3 C
0035 COG 20250409 20250409 81 4073 000 0 000 0 00 00000 0000 00 0 0 000 10001 0 0278 0278 0001 0000000 0000001 000000000000000 000000044050000 000000000000000 000000000000000 0 000000000000 FC3 25342029480142001 00350001000005979544 FA A5 FC3 0000 0000 0 0 0000000000000000000 00350001000005979544 FC3 C
0035 COG 20250409 20250409 81 4073 000 0 000 0 00 00000 0000 00 0 0 000 20005 0 0278 0278 0001 0000001 0000000 000000000700000 000000000000000 000000000000000 000000000000000 0 000000000000 FC6 25363705738811717 00350001             FA A5 FC6 0000 0000 0 0 0000000000000000000 00350001             FC6 C
0035 COG 20250409 20250409 81 4073 000 0 000 0 00 00000 0000 00 0 0 000 40004 0 0278 0278 0001 0000001 0000000 000000029950000 000000000000000 000000000000000 000000000000000 0 000000000000 FC6 25385935098540990 00350001000005979543 FA A5 FC6 0000 0000 0 0 0000000000000000000 00350001000005979543 FC6 C
0035 COG 20250409 20250409 81 4073 000 0 000 0 00 00000 0000 00 0 0 000 40001 0 0278 0278 0001 0000000 0000001 000000000000000 000000000133000 000000000000000 000000000000000 0 000000000000 FC3 25425576132680851 00350001             FA A5 FC3 0000 0000 0 0 0000000000000000000 00350001             FC3 C
0035 COG 20250409 20250409 81 4073 000 0 000 0 00 00000 0000 00 0 0 000 20005 0 0278 0278 0001 0000001 0000000 000000002100000 000000000000000 000000000000000 000000000000000 0 000000000000 FC6 25452000513569077 00350001             FA A5 FC6 0000 0000 0 0 0000000000000000000 00350001             FC6 C
0035 COG 20250409 20250409 81 4073 000 0 000 0 00 00000 0000 00 0 0 000 40002 0 0278 0278 0001 0000000 0000001 000000000000000 000000220500000 000000000000000 000000000000000 0 000000000000 FC3 25476420526914684 00350001000005978956 FA A5 FC3 0000 0000 0 0 0000000000000000000 00350001000005978956 FC3 C
0035 COG 20250409 20250409 81 4073 000 0 000 0 00 00000 0000 00 0 0 000 10001 0 0278 0278 0001 0000000 0000001 000000000000000 000000035050000 000000000000000 000000000000000 0 000000000000 FC3 25478891208237796 00350001000005978955 FA A5 FC3 0000 0000 0 0 0000000000000000000 00350001000005978955 FC3 C
0035 COG 20250409 20250409 81 4073 000 0 000 0 00 00000 0000 00 0 0 000 40002 0 0278 0278 0001 0000000 0000001 000000000000000 000000035050000 000000000000000 000000000000000 0 000000000000 FC3 25512211798543324 00350001000005978955 FA A5 FC3 0000 0000 0 0 0000000000000000000 00350001000005978955 FC3 C
0035 COG 20250409 20250409 81 4073 000 0 000 0 00 00000 0000 00 0 0 000 10001 0 0278 0278 0001 0000001 0000000 000000220500000 000000000000000 000000000000000 000000000000000 0 000000000000 FC3 25520035859735309 00350001000005978956 FA A5 FC3 0000 0000 0 0 0000000000000000000 00350001000005978956 FC3 C
0035 COG 20250409 20250409 81 4073 000 0 000 0 00 00000 0000 00 0 0 000 10001 0 0278 0278 0001 0000001 0000000 000000035050000 000000000000000 000000000000000 000000000000000 0 000000000000 FC3 25555089645760657 00350001000005978955 FA A5 FC3 0000 0000 0 0 0000000000000000000 00350001000005978955 FC3 C
0035 COG 20250409 20250409 81 4073 000 0 000 0 00 00000 0000 00 0 0 000 10001 0 0278 0278 0001 0000000 0000001 000000000000000 000000420500000 000000000000000 000000000000000 0 000000000000 FC3 25620877085646247 00350001000005979545 FA A5 FC3 0000 0000 0 0 0000000000000000000 00350001000005979545 FC3 C
0035 COG 20250409 20250409 81 4073 000 0 000 0 00 00000 0000 00 0 0 000 10001 0 0278 0278 0001 0000001 0000000 000000035050000 000000000000000 000000000000000 000000000000000 0 000000000000 FC3 25658259497147270 00350001000005978955 FA A5 FC3 0000 0000 0 0 0000000000000000000 00350001000005978955 FC3 C
0035 COG 20250409 20250409 81 4073 000 0 000 0 00 00000 0000 00 0 0 000 10001 0 0278 0278 0001 0000000 0000001 000000000000000 000000220500000 000000000000000 000000000000000 0 000000000000 FC3 25683558801209817 00350001000005978956 FA A5 FC3 0000 0000 0 0 0000000000000000000 00350001000005978956 FC3 C
0035 COG 20250409 20250409 81 4073 000 0 000 0 00 00000 0000 00 0 0 000 40001 0 0278 0278 0001 0000000 0000001 000000000000000 000000000399000 000000000000000 000000000000000 0 000000000000 FC3 25817314923338794 00350001             FA A5 FC3 0000 0000 0 0 0000000000000000000 00350001             FC3 C
0035 COG 20250409 20250409 81 4073 000 0 000 0 00 00000 0000 00 0 0 000 30001 0 0278 0278 0001 0000000 0000001 000000000000000 000000000700000 000000000000000 000000000000000 0 000000000000 FC6 25823250269122508 00350001             FA A5 FC6 0000 0000 0 0 0000000000000000000 00350001             FC6 C
0035 COG 20250409 20250409 81 4073 000 0 000 0 00 00000 0000 00 0 0 000 40004 0 0278 0278 0001 0000001 0000000 000000000833000 000000000000000 000000000000000 000000000000000 0 000000000000 FC6 25843898625988118 00350001             FA A5 FC6 0000 0000 0 0 0000000000000000000 00350001             FC6 C
0035 COG 20250409 20250409 81 4073 000 0 000 0 00 00000 0000 00 0 0 000 20005 0 0278 0278 0001 0000000 0000001 000000000000000 000000002100000 000000000000000 000000000000000 0 000000000000 FC6 25913393929249117 00350001             FA A5 FC6 0000 0000 0 0 0000000000000000000 00350001             FC6 C
0035 COG 20250409 20250409 81 4073 000 0 000 0 00 00000 0000 00 0 0 000 30002 0 0278 0278 0001 0000000 0000001 000000000000000 000000000017300 000000000000000 000000000000000 0 000000000000 FC3 25357922318713980 00350001000005978950 FA A5 FC3 0000 0000 0 0 0000000000000000000 00350001000005978950 FC3 C
0035 COG 20250409 20250409 81 4073 000 0 000 0 00 00000 0000 00 0 0 000 10005 0 0278 0278 0001 0000001 0000000 000000000056600 000000000000000 000000000000000 000000000000000 0 000000000000 FC4 25262181019629499 00350001000005978949 FA A5 FC4 0000 0000 0 0 0000000000000000000 00350001000005978949 FC4 C
0035 COG 20250409 20250409 81 4073 000 0 000 0 00 00000 0000 00 0 0 000 30002 0 0278 0278 0001 0000000 0000001 000000000000000 000000000082300 000000000000000 000000000000000 0 000000000000 FC3 25331798688116272 00350001000005978952 FA A5 FC3 0000 0000 0 0 0000000000000000000 00350001000005978952 FC3 C
0035 COG 20250409 20250409 81 4073 000 0 000 0 00 00000 0000 00 0 0 000 10005 0 0278 0278 0001 0000001 0000000 000000000082300 000000000000000 000000000000000 000000000000000 0 000000000000 FC4 25350743417057793 00350001000005978952 FA A5 FC4 0000 0000 0 0 0000000000000000000 00350001000005978952 FC4 C
0035 COG 20250409 20250409 81 4073 000 0 000 0 00 00000 0000 00 0 0 000 30002 0 0278 0278 0001 0000000 0000001 000000000000000 000000000056600 000000000000000 000000000000000 0 000000000000 FC3 25424305828833464 00350001000005978949 FA A5 FC3 0000 0000 0 0 0000000000000000000 00350001000005978949 FC3 C
0035 COG 20250409 20250409 81 4073 000 0 000 0 00 00000 0000 00 0 0 000 10005 0 0278 0278 0001 0000001 0000000 000000000017300 000000000000000 000000000000000 000000000000000 0 000000000000 FC4 25516009092561454 00350001000005978950 FA A5 FC4 0000 0000 0 0 0000000000000000000 00350001000005978950 FC4 C
0035 COG 20250409 20250409 81 4073 000 0 000 0 00 00000 0000 00 0 0 000 10005 0 0278 0278 0001 0000001 0000000 000000000013200 000000000000000 000000000000000 000000000000000 0 000000000000 FC4 25603875722076158 00350001000005978951 FA A5 FC4 0000 0000 0 0 0000000000000000000 00350001000005978951 FC4 C
0035 COG 20250409 20250409 81 4073 000 0 000 0 00 00000 0000 00 0 0 000 30002 0 0278 0278 0001 0000000 0000001 000000000000000 000000000013200 000000000000000 000000000000000 0 000000000000 FC3 25813408512166027 00350001000005978951 FA A5 FC3 0000 0000 0 0 0000000000000000000 00350001000005978951 FC3 C
0035 COG 20250409 20250409 81 4073 000 0 000 0 00 00000 0000 00 0 0 000 10001 0 0278 0278 0001 0000000 0000001 000000000000000 000000130500000 000000000000000 000000000000000 0 000000000000 FC3 25132374917038049 00350001000005979542 FA A5 FC3 0000 0000 0 0 0000000000000000000 00350001000005979542 FC3 C
0035 COG 20250409 20250409 81 4073 000 0 000 0 00 00000 0000 00 0 0 000 30001 0 0278 0278 0001 0000000 0000001 000000000000000 000000002100000 000000000000000 000000000000000 0 000000000000 FC6 25150550465799479 00350001             FA A5 FC6 0000 0000 0 0 0000000000000000000 00350001             FC6 C
0035 COG 20250409 20250409 81 4073 000 0 000 0 00 00000 0000 00 0 0 000 40004 0 0278 0278 0001 0000001 0000000 000000420500000 000000000000000 000000000000000 000000000000000 0 000000000000 FC6 25102606064727632 00350001000005979545 FA A5 FC6 0000 0000 0 0 0000000000000000000 00350001000005979545 FC6 C
0035 COG 20250409 20250409 81 4073 000 0 000 0 00 00000 0000 00 0 0 000 10001 0 0278 0278 0001 0000001 0000000 000000220500000 000000000000000 000000000000000 000000000000000 0 000000000000 FC3 25169151151701185 00350001000005978956 FA A5 FC3 0000 0000 0 0 0000000000000000000 00350001000005978956 FC3 C
0035 COG 20250409 20250409 81 4073 000 0 000 0 00 00000 0000 00 0 0 000 40004 0 0278 0278 0001 0000001 0000000 000000002499000 000000000000000 000000000000000 000000000000000 0 000000000000 FC6 25206808357930530 00350001             FA A5 FC6 0000 0000 0 0 0000000000000000000 00350001             FC6 C
0035 COG 20250409 20250409 81 4073 000 0 000 0 00 00000 0000 00 0 0 000 40004 0 0278 0278 0001 0000001 0000000 000000044050000 000000000000000 000000000000000 000000000000000 0 000000000000 FC6 25227508647305742 00350001000005979544 FA A5 FC6 0000 0000 0 0 0000000000000000000 00350001000005979544 FC6 C
0035 COG 20250409 20250409 81 4073 000 0 000 0 00 00000 0000 00 0 0 000 20005 0 0278 0278 0001 0000000 0000001 000000000000000 000000000700000 000000000000000 000000000000000 0 000000000000 FC6 25238827682079449 00350001             FA A5 FC6 0000 0000 0 0 0000000000000000000 00350001             FC6 C
0035 COG 20250409 20250409 81 4073 000 0 000 0 00 00000 0000 00 0 0 000 40004 0 0278 0278 0001 0000001 0000000 000000130500000 000000000000000 000000000000000 000000000000000 0 000000000000 FC6 25241968507910575 00350001000005979542 FA A5 FC6 0000 0000 0 0 0000000000000000000 00350001000005979542 FC6 C
0035 COG 20250409 20250409 81 4073 000 0 000 0 00 00000 0000 00 0 0 000 10001 0 0278 0278 0001 0000000 0000001 000000000000000 000000029950000 000000000000000 000000000000000 0 000000000000 FC3 25312092445093234 00350001000005979543 FA A5 FC3 0000 0000 0 0 0000000000000000000 00350001000005979543 FC3 C
0035 COG 20250409 20250409 81 4073 000 0 000 0 00 00000 0000 00 0 0 000 10001 0 0278 0278 0001 0000000 0000001 000000000000000 000000044050000 000000000000000 000000000000000 0 000000000000 FC3 25342029480142001 00350001000005979544 FA A5 FC3 0000 0000 0 0 0000000000000000000 00350001000005979544 FC3 C
0035 COG 20250409 20250409 81 4073 000 0 000 0 00 00000 0000 00 0 0 000 20005 0 0278 0278 0001 0000001 0000000 000000000700000 000000000000000 000000000000000 000000000000000 0 000000000000 FC6 25363705738811717 00350001             FA A5 FC6 0000 0000 0 0 0000000000000000000 00350001             FC6 C
0035 COG 20250409 20250409 81 4073 000 0 000 0 00 00000 0000 00 0 0 000 40004 0 0278 0278 0001 0000001 0000000 000000029950000 000000000000000 000000000000000 000000000000000 0 000000000000 FC6 25385935098540990 00350001000005979543 FA A5 FC6 0000 0000 0 0 0000000000000000000 00350001000005979543 FC6 C
0035 COG 20250409 20250409 81 4073 000 0 000 0 00 00000 0000 00 0 0 000 40001 0 0278 0278 0001 0000000 0000001 000000000000000 000000000133000 000000000000000 000000000000000 0 000000000000 FC3 25425576132680851 00350001             FA A5 FC3 0000 0000 0 0 0000000000000000000 00350001             FC3 C
0035 COG 20250409 20250409 81 4073 000 0 000 0 00 00000 0000 00 0 0 000 20005 0 0278 0278 0001 0000001 0000000 000000002100000 000000000000000 000000000000000 000000000000000 0 000000000000 FC6 25452000513569077 00350001             FA A5 FC6 0000 0000 0 0 0000000000000000000 00350001             FC6 C
0035 COG 20250409 20250409 81 4073 000 0 000 0 00 00000 0000 00 0 0 000 40002 0 0278 0278 0001 0000000 0000001 000000000000000 000000220500000 000000000000000 000000000000000 0 000000000000 FC3 25476420526914684 00350001000005978956 FA A5 FC3 0000 0000 0 0 0000000000000000000 00350001000005978956 FC3 C
0035 COG 20250409 20250409 81 4073 000 0 000 0 00 00000 0000 00 0 0 000 10001 0 0278 0278 0001 0000000 0000001 000000000000000 000000035050000 000000000000000 000000000000000 0 000000000000 FC3 25478891208237796 00350001000005978955 FA A5 FC3 0000 0000 0 0 0000000000000000000 00350001000005978955 FC3 C
0035 COG 20250409 20250409 81 4073 000 0 000 0 00 00000 0000 00 0 0 000 40002 0 0278 0278 0001 0000000 0000001 000000000000000 000000035050000 000000000000000 000000000000000 0 000000000000 FC3 25512211798543324 00350001000005978955 FA A5 FC3 0000 0000 0 0 0000000000000000000 00350001000005978955 FC3 C
0035 COG 20250409 20250409 81 4073 000 0 000 0 00 00000 0000 00 0 0 000 10001 0 0278 0278 0001 0000001 0000000 000000220500000 000000000000000 000000000000000 000000000000000 0 000000000000 FC3 25520035859735309 00350001000005978956 FA A5 FC3 0000 0000 0 0 0000000000000000000 00350001000005978956 FC3 C
0035 COG 20250409 20250409 81 4073 000 0 000 0 00 00000 0000 00 0 0 000 10001 0 0278 0278 0001 0000001 0000000 000000035050000 000000000000000 000000000000000 000000000000000 0 000000000000 FC3 25555089645760657 00350001000005978955 FA A5 FC3 0000 0000 0 0 0000000000000000000 00350001000005978955 FC3 C
0035 COG 20250409 20250409 81 4073 000 0 000 0 00 00000 0000 00 0 0 000 10001 0 0278 0278 0001 0000000 0000001 000000000000000 000000420500000 000000000000000 000000000000000 0 000000000000 FC3 25620877085646247 00350001000005979545 FA A5 FC3 0000 0000 0 0 0000000000000000000 00350001000005979545 FC3 C
0035 COG 20250409 20250409 81 4073 000 0 000 0 00 00000 0000 00 0 0 000 10001 0 0278 0278 0001 0000001 0000000 000000035050000 000000000000000 000000000000000 000000000000000 0 000000000000 FC3 25658259497147270 00350001000005978955 FA A5 FC3 0000 0000 0 0 0000000000000000000 00350001000005978955 FC3 C
0035 COG 20250409 20250409 81 4073 000 0 000 0 00 00000 0000 00 0 0 000 10001 0 0278 0278 0001 0000000 0000001 000000000000000 000000220500000 000000000000000 000000000000000 0 000000000000 FC3 25683558801209817 00350001000005978956 FA A5 FC3 0000 0000 0 0 0000000000000000000 00350001000005978956 FC3 C
0035 COG 20250409 20250409 81 4073 000 0 000 0 00 00000 0000 00 0 0 000 40001 0 0278 0278 0001 0000000 0000001 000000000000000 000000000399000 000000000000000 000000000000000 0 000000000000 FC3 25817314923338794 00350001             FA A5 FC3 0000 0000 0 0 0000000000000000000 00350001             FC3 C
0035 COG 20250409 20250409 81 4073 000 0 000 0 00 00000 0000 00 0 0 000 30001 0 0278 0278 0001 0000000 0000001 000000000000000 000000000700000 000000000000000 000000000000000 0 000000000000 FC6 25823250269122508 00350001             FA A5 FC6 0000 0000 0 0 0000000000000000000 00350001             FC6 C
0035 COG 20250409 20250409 81 4073 000 0 000 0 00 00000 0000 00 0 0 000 40004 0 0278 0278 0001 0000001 0000000 000000000833000 000000000000000 000000000000000 000000000000000 0 000000000000 FC6 25843898625988118 00350001             FA A5 FC6 0000 0000 0 0 0000000000000000000 00350001             FC6 C
0035 COG 20250409 20250409 81 4073 000 0 000 0 00 00000 0000 00 0 0 000 20005 0 0278 0278 0001 0000000 0000001 000000000000000 000000002100000 000000000000000 000000000000000 0 000000000000 FC6 25913393929249117 00350001             FA A5 FC6 0000 0000 0 0 0000000000000000000 00350001             FC6 C
